
 49.0 1.526
 1.0 1.76286
 1.0 2.92254
 48.0 2.49139
 1.0 3.94047
 17.0 3.83962
 21.0 4.31457
 30.0 2.92064
 1.0 5.28542
 3.0 5.77566
 1.0 5.77565
 3.0 6.59075
 11.0 5.21015
 5.0 4.98278
 1.0 5.84175
 5.0 6.76428
 9.0 5.56942
 7.0 7.8767
 1.0 8.07155
 1.0 9.10969
 3.0 7.62727
 1.0 8.76239
 2.0 9.6468
 5.0 8.40042
 5.0 6.76429
 6.0 4.57588
 7.0 3.52257
 1.0 10.11835
 1.0 10.96413
 3.0 9.64681
 4.0 9.1097
 1.0 7.87671
 2.0 5.56943
 1.0 10.96412
 1.0 11.94572
 3.0 10.67705
 1.0 10.27037
 1.0 11.27746
 1.0 12.29712
 1.0 11.13883
 4.0 7.47231
 4.0 6.28877
 4.0 4.57587
 5.0 3.52256
 1.0 12.04302
 1.0 12.94284
 1.0 11.78203
 2.0 11.13934
 1.0 10.07924
 5.0 8.98067
 1.0 8.02282
 2.0 7.04514
 1.0 6.2892
 2.0 5.57041
 1.0 4.57648
 1.0 12.57817
 1.0 13.49974
 1.0 12.45381
 1.0 11.7818
 2.0 10.8569
 1.0 9.76647
 2.0 8.02316
 1.0 7.04513
 1.0 6.28964
 1.0 13.50076
 1.0 14.30902
 1.0 13.26828
 1.0 12.45404
 2.0 11.51562
 1.0 10.5677
 1.0 9.76676
 1.0 8.98129
 1.0 8.0235
 1.0 7.47379
 1.0 6.76551
 1.0 5.56991
 1.0 12.82233
 1.0 13.49933
 2.0 12.45315
 2.0 11.51465
 2.0 10.56613
 2.0 9.76562
 1.0 8.97944
 1.0 8.40009
 1.0 7.47193
 1.0 7.20889
 2.0 6.59033
 1.0 5.20908
 5.0 4.98055
 1.0 11.78179
 1.0 9.76505
 1.0 8.97943
 1.0 8.39943
 2.0 7.876
 2.0 6.76347
 3.0 6.28921
 1.0 5.20909
 1.0 5.56993
 1.0 12.57928
 1.0 13.2687
 1.0 12.45449
 1.0 10.07951
 1.0 9.6471
 1.0 9.11032
 2.0 7.87741
 2.0 7.62836
 2.0 7.47417
 2.0 6.59034
 1.0 6.76553
 2.0 5.57043
 3.0 4.57649
 1.0 13.27037
 2.0 14.09184
 2.0 13.26954
 1.0 12.45494
 1.0 11.78275
 2.0 10.85818
 2.0 10.38339
 1.0 9.64825
 1.0 8.40207
 1.0 7.87882
 1.0 6.7643
 4.0 6.59076
 1.0 5.21016
 2.0 4.31393
 2.0 2.9197
 9.0 2.48916
 1.0 12.33055
 1.0 13.26932
 1.0 12.45516
 1.0 11.78274
 1.0 11.13984
 1.0 10.08006
 2.0 9.64768
 1.0 8.76335
 1.0 7.47343
 1.0 6.76593
 1.0 6.5916
 1.0 5.7747
 1.0 6.10128
 1.0 5.77519
 1.0 4.31394
 1.0 3.83818
 2.0 2.91968
 1.0 11.51609
 1.0 12.45382
 1.0 11.51537
 1.0 10.85639
 1.0 10.07842
 1.0 8.98005
 1.0 8.4001
 1.0 7.47232
 1.0 5.57042
 1.0 5.21069
 1.0 4.31329
 1.0 4.57528
 1.0 4.31458
 1.0 2.92065
 2.0 2.49028
 1.0 1.52417
 2.0 2.49026
 1.0 10.71425
 1.0 11.51586
 1.0 10.56771
 1.0 9.76619
 2.0 8.98037
 1.0 8.02317
 1.0 7.47307
 1.0 6.76594
 1.0 5.57092
 1.0 5.21282
 2.0 4.98501
 1.0 3.84036
 1.0 4.31651
 2.0 4.57952
 1.0 3.52573
 1.0 2.92349
 1.0 2.49249
 1.0 2.92158
 3.0 1.52235
 1.0 11.7851
 1.0 12.45628
 1.0 11.51804
 1.0 10.56929
 1.0 9.76847
 1.0 8.98315
 1.0 8.40341
 1.0 7.88024
 1.0 6.76758
 1.0 6.59455
 1.0 6.29363
 1.0 5.21335
 1.0 5.57391
 1.0 3.52572
 2.0 2.92253
 1.0 2.49137
 1.0 1.52599
 3.0 0.00446
 2.0 1.52236
 1.0 12.58194
 1.0 13.27164
 1.0 12.45762
 1.0 11.519
 1.0 10.86049
 1.0 10.08283
 1.0 9.65056
 1.0 9.11337
 1.0 7.88023
 1.0 7.63054
 1.0 7.4764
 1.0 6.29186
 1.0 6.59286
 1.0 6.76716
 1.0 5.57141
 1.0 4.57769
 1.0 2.92062
 2.0 2.49361
 1.0 1.52963
 1.0 13.26995
 1.0 12.45539
 1.0 11.78322
 1.0 8.40141
 1.0 7.6269
 2.0 6.58949
 3.0 6.58907
 3.0 5.20802
 1.0 4.31263
 1.0 2.91778
 1.0 2.48914
 1.0 1.52965
 1.0 14.2007
 1.0 15.02307
 1.0 14.09028
 1.0 13.26809
 1.0 12.45361
 1.0 11.51538
 1.0 10.8564
 1.0 10.0787
 2.0 8.98036
 1.0 8.40075
 2.0 6.76265
 1.0 6.58781
 1.0 6.28701
 2.0 4.97944
 1.0 3.83601
 1.0 2.48806
 1.0 2.92255
 1.0 2.49363
 1.0 1.52602
 1.0 2.49029
 1.0 15.23007
 1.0 15.95111
 1.0 15.02437
 1.0 14.09186
 1.0 13.26956
 1.0 12.45562
 1.0 11.78347
 1.0 11.14085
 1.0 10.0809
 1.0 9.64883
 1.0 9.11093
 1.0 7.87742
 1.0 7.62691
 3.0 7.47306
 1.0 6.28922
 2.0 4.98167
 1.0 3.83819
 1.0 2.9235
 2.0 3.52574
 1.0 2.92256
 1.0 2.48917
 2.0 3.83746
 1.0 16.04891
 1.0 16.78144
 1.0 15.95181
 1.0 15.02548
 1.0 14.31137
 1.0 13.50223
 2.0 12.94479
 1.0 12.29917
 1.0 11.14084
 2.0 10.67836
 2.0 10.27064
 2.0 8.76145
 2.0 7.47083
 1.0 6.28788
 1.0 4.31779
 1.0 4.58013
 1.0 2.91875
 1.0 4.31136
 1.0 5.20855
 1.0 5.56992
 1.0 17.14846
 1.0 17.7924
 1.0 16.96653
 1.0 15.95339
 1.0 15.23191
 1.0 14.52776
 1.0 13.95577
 1.0 13.41697
 1.0 12.30053
 1.0 11.94829
 1.0 11.51827
 1.0 10.272
 1.0 10.08117
 1.0 9.96444
 2.0 8.7624
 1.0 6.28833
 1.0 5.21442
 1.0 5.57442
 1.0 4.57833
 1.0 4.31201
 1.0 5.7723
 1.0 6.76512
 1.0 18.05102
 1.0 18.70516
 1.0 17.79099
 1.0 16.78146
 1.0 15.95182
 1.0 15.23027
 1.0 14.52623
 1.0 13.95417
 1.0 12.54918
 1.0 11.94712
 2.0 10.07979
 1.0 7.62654
 1.0 6.5895
 1.0 5.20963
 1.0 5.57292
 1.0 6.29276
 1.0 5.57143
 1.0 5.20803
 1.0 6.58823
 1.0 7.20774
 1.0 18.70366
 1.0 19.4558
 1.0 18.5367
 1.0 17.61442
 1.0 16.77963
 1.0 15.94989
 1.0 15.22807
 1.0 14.52392
 1.0 13.50016
 2.0 12.94263
 2.0 12.29667
 1.0 11.13834
 2.0 10.67549
 1.0 10.26766
 1.0 9.10695
 2.0 7.87458
 2.0 6.76224
 2.0 5.56843
 1.0 6.29142
 1.0 7.0483
 1.0 6.29143
 1.0 7.47119
 1.0 19.69273
 1.0 20.44624
 1.0 19.45437
 1.0 18.53595
 1.0 17.61284
 1.0 16.7783
 1.0 15.94832
 1.0 15.22679
 2.0 14.30825
 1.0 13.72731
 1.0 12.94134
 1.0 11.78062
 1.0 11.13683
 1.0 10.67444
 1.0 9.6445
 1.0 8.39843
 1.0 6.28789
 1.0 7.04672
 1.0 8.02559
 1.0 7.47455
 1.0 6.76348
 2.0 7.8753
 1.0 8.39975
 1.0 8.98097
 1.0 8.02281
 1.0 5.56941
 1.0 20.74867
 1.0 21.42902
 1.0 20.44693
 1.0 19.45581
 1.0 18.53671
 1.0 17.78928
 1.0 16.96309
 1.0 16.33408
 1.0 15.43088
 1.0 14.94573
 1.0 14.17266
 1.0 11.94456
 1.0 10.96286
 1.0 9.64594
 1.0 7.47195
 1.0 8.02525
 1.0 8.98377
 1.0 8.40242
 1.0 9.10788
 1.0 9.64623
 1.0 21.50166
 1.0 22.19422
 1.0 21.28397
 1.0 20.29568
 1.0 19.45625
 1.0 18.70368
 1.0 17.96289
 1.0 17.32497
 1.0 16.33424
 2.0 15.82731
 2.0 15.15067
 1.0 13.95157
 1.0 13.41239
 2.0 13.03036
 2.0 11.9434
 2.0 9.64509
 1.0 8.39977
 1.0 8.98346
 1.0 9.77019
 1.0 8.98286
 1.0 8.39911
 1.0 9.64451
 1.0 10.38125
 1.0 10.85742
 1.0 9.76677
 1.0 22.61045
 1.0 23.23671
 1.0 22.33425
 1.0 21.28542
 1.0 20.44872
 1.0 19.77326
 1.0 19.03339
 1.0 18.47455
 1.0 17.50431
 1.0 17.07767
 1.0 16.40537
 1.0 15.15197
 1.0 14.60406
 1.0 13.26724
 1.0 11.94503
 1.0 10.96287
 1.0 9.64653
 1.0 10.08256
 1.0 10.86102
 1.0 10.08119
 1.0 9.6451
 1.0 10.9616
 2.0 11.68209
 1.0 12.04304
 1.0 10.85743
 1.0 10.07897
 1.0 23.56714
 1.0 24.20055
 1.0 23.23539
 1.0 22.19423
 1.0 21.28398
 1.0 20.59843
 1.0 19.77185
 1.0 19.19429
 1.0 18.30502
 1.0 17.85428
 1.0 17.07652
 1.0 14.81372
 1.0 13.86726
 1.0 12.5463
 1.0 10.38206
 1.0 10.85973
 1.0 11.78536
 1.0 11.14086
 1.0 10.67551
 1.0 11.94364
 1.0 12.54631
 1.0 12.94307
 1.0 11.78205
 1.0 11.13885
 1.0 22.8804
 1.0 23.499
 1.0 22.46943
 1.0 21.42722
 1.0 20.44517
 1.0 19.77016
 1.0 18.86653
 1.0 18.3032
 1.0 17.50192
 1.0 17.07587
 1.0 16.21337
 1.0 14.94387
 1.0 14.17089
 2.0 13.86665
 1.0 13.03058
 1.0 11.68113
 1.0 10.96211
 1.0 10.0798
 1.0 11.14035
 1.0 10.67655
 1.0 10.26659
 1.0 11.51273
 1.0 12.29623
 1.0 11.13734
 1.0 10.67497
 2.0 10.2682
 2.0 9.10756
 1.0 7.62508
 2.0 6.58865
 4.0 3.83745
 1.0 23.95616
 1.0 24.57909
 1.0 23.49781
 1.0 22.46881
 1.0 21.42591
 1.0 20.7456
 1.0 19.76889
 1.0 19.19182
 1.0 18.47152
 1.0 18.02557
 1.0 17.07489
 1.0 15.82555
 1.0 14.94275
 1.0 14.60176
 1.0 12.54519
 1.0 11.9441
 1.0 10.6755
 1.0 12.29827
 1.0 11.94504
 1.0 11.51297
 1.0 12.69818
 1.0 13.4124
 1.0 12.29554
 2.0 11.94363
 1.0 11.5144
 1.0 10.26819
 2.0 8.97974
 2.0 8.02212
 3.0 6.58864
 1.0 6.28832
 1.0 23.41382
 1.0 24.01822
 1.0 22.87676
 1.0 21.85397
 1.0 20.74305
 1.0 20.07861
 1.0 19.02724
 1.0 18.46942
 1.0 17.8507
 1.0 17.43382
 1.0 16.40197
 1.0 15.14828
 2.0 14.16912
 1.0 13.86565
 1.0 13.26598
 1.0 11.9427
 1.0 11.51369
 1.0 10.26713
 1.0 10.67523
 1.0 11.94433
 1.0 11.77969
 1.0 11.41017
 1.0 12.54365
 1.0 12.69773
 1.0 13.02972
 1.0 11.94199
 1.0 11.77873
 2.0 11.41161
 1.0 10.07619
 1.0 8.97756
 1.0 9.10725
 2.0 8.2593
 1.0 6.76182
 2.0 5.20801
 3.0 4.31264
 1.0 24.59266
 1.0 25.19942
 1.0 24.01717
 1.0 23.01141
 1.0 21.85282
 1.0 21.18675
 1.0 20.0775
 1.0 19.51014
 1.0 18.96667
 1.0 18.53324
 1.0 17.43302
 1.0 16.2113
 1.0 15.14736
 1.0 14.81184
 1.0 14.30669
 1.0 13.02951
 1.0 12.69905
 1.0 11.51345
 1.0 13.26703
 1.0 13.17814
 1.0 12.78846
 1.0 13.86546
 1.0 13.94937
 1.0 14.30649
 1.0 13.26492
 1.0 13.17728
 1.0 12.78974
 1.0 10.3799
 1.0 10.56612
 2.0 5.77373
 2.0 6.29053
 1.0 24.19329
 1.0 24.77823
 1.0 23.5421
 1.0 22.54952
 1.0 21.32973
 1.0 20.68468
 1.0 19.50743
 1.0 18.96432
 1.0 18.53084
 1.0 18.13021
 1.0 16.95847
 1.0 15.74915
 1.0 14.5989
 1.0 14.30533
 1.0 13.94957
 1.0 12.69729
 1.0 12.54498
 1.0 11.41114
 1.0 11.7785
 1.0 13.17729
 1.0 13.26451
 1.0 12.93812
 1.0 13.94838
 1.0 13.86485
 1.0 13.17558
 1.0 13.26408
 1.0 12.9394
 1.0 11.51198
 2.0 10.56401
 1.0 10.96158
 1.0 8.75985
 2.0 8.6272
 2.0 7.20658
 1.0 23.692
 1.0 24.19296
 1.0 22.95931
 1.0 21.90477
 1.0 20.68469
 1.0 20.13486
 1.0 18.96463
 1.0 18.5316
 1.0 18.13007
 1.0 17.85132
 1.0 16.70675
 1.0 15.42727
 1.0 14.30572
 1.0 14.17129
 1.0 13.86746
 1.0 12.54497
 1.0 12.45249
 1.0 11.24017
 1.0 11.41065
 1.0 12.78867
 1.0 12.93791
 1.0 12.78649
 1.0 13.86425
 1.0 13.72427
 1.0 13.86464
 1.0 12.78691
 2.0 12.93789
 1.0 12.78822
 1.0 11.41015
 2.0 10.37829
 2.0 10.85433
 1.0 10.07675
 2.0 8.62527
 1.0 8.76049
 1.0 7.47045
 1.0 23.41014
 1.0 23.88423
 1.0 22.59962
 1.0 21.56344
 1.0 20.28485
 1.0 19.76354
 1.0 18.52831
 1.0 18.12809
 1.0 17.84836
 1.0 17.60967
 1.0 16.40129
 1.0 15.14718
 1.0 13.94798
 1.0 13.86666
 1.0 13.72671
 2.0 12.45137
 1.0 12.5452
 1.0 11.41066
 1.0 11.51055
 1.0 12.93769
 1.0 13.262
 1.0 13.17391
 1.0 14.16795
 1.0 13.86405
 1.0 13.94717
 1.0 12.93638
 1.0 13.2624
 1.0 13.17559
 1.0 11.77707
 2.0 10.85228
 1.0 11.51247
 1.0 9.44041
 1.0 9.64508
 1.0 8.39877
 1.0 7.87529
 1.0 8.98191
 1.0 8.0242
 1.0 22.34046
 1.0 22.87067
 1.0 21.56176
 1.0 20.58654
 1.0 19.28352
 1.0 18.69297
 1.0 17.42649
 1.0 16.95472
 1.0 16.70192
 1.0 16.39942
 1.0 15.1459
 1.0 13.94598
 1.0 12.69466
 1.0 12.54364
 1.0 11.23868
 1.0 11.4109
 1.0 10.37723
 1.0 10.56033
 1.0 12.03564
 1.0 12.44645
 1.0 12.28989
 1.0 13.17433
 1.0 12.78627
 1.0 12.93639
 1.0 12.0347
 1.0 12.44688
 1.0 12.29123
 1.0 10.85048
 1.0 10.07288
 1.0 8.97602
 1.0 9.10604
 1.0 7.87318
 1.0 7.62399
 1.0 9.1094
 1.0 8.26133
 1.0 6.76388
 1.0 6.10127
 1.0 4.57527
 1.0 22.8726
 1.0 23.4901
 1.0 22.18255
 1.0 21.27245
 1.0 19.97511
 1.0 19.28524
 1.0 18.01709
 1.0 17.42807
 1.0 17.13742
 1.0 16.70391
 1.0 15.42456
 1.0 14.3026
 1.0 13.02565
 1.0 12.69641
 1.0 12.54408
 1.0 11.40967
 1.0 11.51272
 1.0 10.56297
 1.0 10.95752
 1.0 12.44845
 1.0 12.78605
 1.0 12.44801
 1.0 13.26346
 1.0 13.26302
 2.0 12.44754
 1.0 12.78603
 1.0 12.44889
 1.0 10.95802
 1.0 10.2644
 1.0 10.95955
 1.0 9.10511
 1.0 8.97757
 2.0 7.62289
 1.0 7.46971
 1.0 8.76081
 1.0 8.02247
 1.0 21.91858
 1.0 22.59652
 1.0 21.27061
 1.0 20.43399
 1.0 19.12043
 1.0 18.35638
 1.0 17.06479
 1.0 16.3945
 1.0 16.13345
 1.0 15.62268
 1.0 14.30104
 1.0 13.25988
 1.0 11.93662
 1.0 11.50932
 1.0 11.40942
 1.0 10.37587
 1.0 10.56296
 1.0 9.76049
 1.0 10.26169
 1.0 11.77471
 1.0 12.19523
 1.0 11.77495
 1.0 12.44823
 1.0 12.03632
 1.0 11.77422
 1.0 12.19521
 1.0 11.77541
 1.0 10.26249
 1.0 9.7599
 1.0 10.5619
 1.0 10.37775
 1.0 8.97539
 1.0 8.75763
 1.0 7.46747
 1.0 8.97819
 1.0 9.44247
 1.0 20.58854
 1.0 21.27257
 1.0 19.97538
 1.0 19.12247
 1.0 17.84291
 1.0 17.0669
 1.0 15.81729
 1.0 15.14277
 1.0 14.80695
 1.0 14.30279
 1.0 13.02608
 1.0 11.93849
 1.0 10.66974
 1.0 10.26494
 1.0 10.07537
 1.0 8.97478
 1.0 9.10481
 1.0 8.25459
 1.0 8.75382
 1.0 10.26223
 1.0 10.66923
 1.0 10.26197
 1.0 10.95753
 1.0 10.56137
 1.0 10.95725
 1.0 10.26167
 1.0 10.66921
 1.0 10.2625
 1.0 8.75413
 1.0 8.25323
 1.0 9.10236
 1.0 8.97446
 1.0 7.6196
 1.0 7.46636
 1.0 6.28258
 1.0 6.58485
 1.0 8.01866
 1.0 8.02004
 1.0 6.58654
 1.0 6.28611
 1.0 4.97832
 1.0 4.57526
