
 49.0 1.526
 1.0 1.76286
 1.0 2.92254
 47.0 2.49139
 1.0 3.93976
 32.0 2.92064
 1.0 5.21174
 19.0 4.31457
 14.0 3.83962
 1.0 6.35215
 11.0 5.21015
 4.0 4.98278
 1.0 6.76552
 6.0 5.56942
 1.0 8.07259
 2.0 6.76428
 3.0 6.59075
 2.0 5.77566
 1.0 9.11092
 4.0 7.8767
 2.0 7.62727
 1.0 9.48598
 3.0 8.40042
 4.0 6.76429
 5.0 4.57588
 11.0 3.52257
 1.0 10.67862
 2.0 9.64681
 1.0 9.1097
 1.0 7.87671
 1.0 5.56943
 1.0 11.27896
 2.0 10.38232
 1.0 7.47232
 2.0 6.28878
 2.0 5.56993
 1.0 9.64508
 1.0 8.7605
 2.0 7.47046
 2.0 6.76265
 1.0 5.56793
 3.0 5.20909
 4.0 4.98055
 1.0 9.15145
 1.0 8.39844
 1.0 6.28701
 1.0 5.56743
 1.0 4.57407
 4.0 4.31265
 4.0 3.83601
 4.0 4.31264
 5.0 3.83745
 12.0 2.48916
 1.0 9.76819
 1.0 8.98037
 1.0 8.02283
 1.0 7.04515
 2.0 5.56994
 2.0 5.21016
 1.0 4.31329
 3.0 4.57528
 8.0 4.31393
 9.0 2.9197
 1.0 10.71348
 1.0 10.07786
 1.0 8.97913
 1.0 8.02143
 1.0 7.4712
 1.0 6.76348
 2.0 6.58992
 1.0 5.77374
 3.0 6.10128
 3.0 5.77519
 3.0 4.57649
 1.0 10.07593
 1.0 9.64191
 1.0 8.39546
 1.0 7.46748
 1.0 7.20389
 1.0 6.58655
 1.0 6.76183
 1.0 6.09762
 2.0 6.76224
 2.0 6.58907
 2.0 5.20855
 1.0 5.56992
 1.0 9.47894
 1.0 9.10176
 1.0 7.86894
 1.0 6.75648
 1.0 6.58274
 1.0 5.76796
 1.0 6.0958
 1.0 5.76843
 2.0 6.58569
 2.0 6.28567
 1.0 4.97832
 1.0 9.09962
 2.0 8.96951
 1.0 7.61487
 1.0 6.57851
 1.0 6.754
 1.0 6.09215
 1.0 6.75729
 1.0 6.5823
 2.0 7.62106
 1.0 7.46858
 1.0 8.7941
 1.0 8.74842
 1.0 7.45853
 1.0 6.27461
 1.0 6.57724
 1.0 5.76265
 1.0 6.58062
 1.0 6.75482
 1.0 7.86963
 1.0 10.06847
 1.0 9.95104
 1.0 8.75001
 1.0 7.45965
 1.0 7.61523
 1.0 6.57893
 1.0 7.19963
 1.0 7.46411
 1.0 8.39478
 1.0 7.87175
 1.0 6.76017
 2.0 6.58781
 1.0 5.77422
 1.0 4.57405
 1.0 11.26538
 1.0 11.23026
 1.0 9.94992
 1.0 8.74874
 1.0 8.01241
 2.0 8.62075
 2.0 8.75477
 1.0 9.64218
 1.0 9.10603
 1.0 7.87387
 1.0 7.62581
 3.0 6.59076
 1.0 5.56842
 1.0 6.2892
 1.0 5.56991
 4.0 4.57587
 3.0 3.52256
 1.0 11.50353
 1.0 11.40138
 1.0 10.06571
 1.0 8.96734
 1.0 9.09809
 1.0 8.25088
 1.0 9.43892
 1.0 8.97756
 1.0 7.62361
 1.0 7.47193
 1.0 6.28965
 1.0 5.20801
 1.0 5.56891
 3.0 4.57526
 2.0 3.52098
 2.0 2.91968
 1.0 11.80587
 1.0 11.50571
 1.0 10.25927
 1.0 9.09871
 1.0 8.97169
 1.0 8.0145
 1.0 8.25492
 1.0 8.01657
 1.0 8.62462
 1.0 8.02038
 1.0 6.58738
 1.0 6.28832
 1.0 4.98167
 1.0 3.83673
 1.0 4.31199
 1.0 4.57466
 1.0 3.52099
 3.0 2.91874
 1.0 10.66925
 1.0 10.26063
 1.0 9.09994
 1.0 7.86682
 1.0 7.61779
 1.0 6.58148
 1.0 6.75771
 1.0 6.58358
 1.0 7.20426
 1.0 6.58695
 1.0 5.20694
 1.0 3.8389
 1.0 2.9216
 1.0 2.4914
 1.0 1.52419
 5.0 2.49029
 1.0 11.2733
 1.0 10.67134
 1.0 9.64106
 1.0 8.39448
 1.0 7.87107
 1.0 6.75855
 1.0 6.5857
 1.0 6.2848
 1.0 5.77277
 2.0 4.312
 1.0 3.83746
 1.0 2.49028
 2.0 1.52236
 1.0 2.48917
 4.0 2.92066
 1.0 2.49142
 2.0 2.92162
 1.0 2.4903
 4.0 3.83892
 1.0 12.54365
 1.0 11.94108
 1.0 10.95907
 1.0 9.64163
 1.0 9.10544
 1.0 7.87248
 1.0 7.62437
 2.0 7.47084
 1.0 7.62728
 1.0 6.59119
 2.0 5.2107
 4.0 4.31588
 1.0 2.92257
 2.0 4.31524
 1.0 3.83893
 1.0 4.31459
 1.0 3.8382
 2.0 4.98168
 2.0 5.20962
 1.0 12.32426
 1.0 11.77662
 1.0 10.85153
 1.0 9.43748
 1.0 8.97604
 1.0 7.62145
 1.0 7.46972
 1.0 7.62473
 1.0 7.87743
 2.0 6.76554
 2.0 5.57094
 2.0 4.57834
 1.0 3.52576
 1.0 5.21178
 2.0 4.9828
 2.0 4.31394
 3.0 5.20963
 3.0 4.98056
 2.0 4.31263
 1.0 11.77331
 1.0 11.40481
 1.0 10.37268
 1.0 8.97046
 2.0 8.75384
 1.0 7.46414
 1.0 7.62108
 1.0 7.87177
 1.0 8.39877
 2.0 7.47158
 2.0 6.28834
 1.0 3.5226
 2.0 4.57529
 1.0 3.83674
 1.0 3.83602
 1.0 2.48693
 1.0 2.91778
 1.0 12.81237
 1.0 12.53678
 1.0 11.40335
 1.0 10.06821
 1.0 9.95441
 1.0 8.97542
 1.0 9.10421
 1.0 9.6448
 1.0 8.76146
 1.0 5.57144
 1.0 5.56844
 1.0 5.56794
 1.0 5.20749
 2.0 4.31201
 1.0 4.57346
 1.0 2.91876
 1.0 2.48805
 1.0 14.16305
 1.0 13.85864
 1.0 12.78171
 1.0 11.40383
 1.0 11.23522
 1.0 9.95552
 1.0 10.07484
 1.0 10.26605
 1.0 10.67655
 1.0 9.6474
 1.0 8.4011
 1.0 7.47457
 1.0 6.29146
 1.0 5.56945
 2.0 6.7639
 1.0 7.4727
 1.0 6.76349
 2.0 6.58866
 2.0 5.77327
 1.0 6.09946
 1.0 4.31328
 1.0 3.83818
 1.0 15.24286
 1.0 15.01233
 1.0 13.85724
 1.0 12.53611
 1.0 12.44579
 1.0 11.23547
 1.0 11.40993
 1.0 11.51176
 1.0 11.94481
 1.0 10.9644
 1.0 9.64712
 1.0 8.76433
 1.0 7.47458
 1.0 7.87602
 1.0 8.40044
 1.0 7.20621
 1.0 6.76266
 1.0 6.58951
 1.0 5.2091
 1.0 5.57043
 1.0 16.58274
 1.0 16.32386
 1.0 15.21729
 1.0 13.85784
 1.0 13.72024
 1.0 12.44691
 1.0 12.54344
 1.0 12.69775
 1.0 13.03273
 1.0 11.94714
 1.0 10.67838
 1.0 9.64972
 1.0 8.40344
 1.0 7.87673
 1.0 9.10941
 1.0 9.64741
 1.0 8.76147
 1.0 8.62722
 1.0 8.02214
 1.0 8.25999
 1.0 8.02248
 1.0 6.58908
 1.0 5.77326
 1.0 6.76553
 1.0 16.60386
 1.0 16.39299
 1.0 15.3422
 1.0 13.93961
 1.0 13.85924
 1.0 12.53856
 1.0 12.696
 1.0 13.02845
 1.0 13.41345
 1.0 12.29873
 1.0 11.14036
 2.0 10.08231
 1.0 8.98381
 1.0 8.40078
 1.0 9.64654
 1.0 10.38287
 1.0 9.64596
 1.0 9.4419
 1.0 8.62658
 1.0 8.75956
 2.0 8.25864
 1.0 6.76143
 1.0 6.09763
 1.0 6.5895
 1.0 7.20775
 2.0 7.47306
 1.0 6.28922
 1.0 18.01492
 1.0 17.77738
 1.0 16.76702
 1.0 15.34293
 1.0 15.21949
 1.0 13.86045
 1.0 13.948
 1.0 14.30593
 1.0 14.60484
 1.0 13.41574
 1.0 12.29942
 1.0 11.14288
 1.0 10.08287
 1.0 9.64742
 1.0 10.96415
 1.0 11.68402
 1.0 10.96364
 1.0 10.85615
 1.0 10.07815
 1.0 10.26795
 1.0 9.76478
 1.0 8.25865
 1.0 7.62363
 1.0 8.26032
 1.0 8.02317
 2.0 8.6285
 1.0 8.76336
 1.0 19.03922
 1.0 18.8559
 1.0 17.77597
 1.0 16.39248
 1.0 16.32488
 1.0 15.01456
 1.0 15.14702
 1.0 15.42693
 1.0 15.75413
 1.0 14.60579
 1.0 13.41512
 2.0 12.30078
 1.0 11.14238
 1.0 10.67734
 1.0 11.94551
 1.0 12.54765
 1.0 11.6821
 1.0 11.51418
 1.0 10.85589
 1.0 10.96186
 1.0 10.56614
 1.0 9.10758
 2.0 8.76145
 1.0 9.44395
 1.0 9.64797
 1.0 8.40109
 1.0 18.85235
 1.0 18.79153
 1.0 17.66403
 1.0 16.31908
 1.0 16.39384
 1.0 15.14132
 1.0 15.4244
 1.0 15.74846
 1.0 16.21338
 1.0 15.1518
 1.0 13.95239
 1.0 12.94524
 1.0 11.78467
 1.0 11.13887
 1.0 12.29647
 1.0 12.94222
 1.0 12.04073
 1.0 11.68019
 1.0 10.9616
 1.0 10.85409
 1.0 10.38018
 1.0 8.97852
 1.0 8.0197
 1.0 8.62656
 1.0 9.64624
 1.0 10.07979
 1.0 8.98067
 1.0 19.9893
 1.0 19.97093
 1.0 18.79034
 1.0 17.48792
 1.0 17.6021
 1.0 16.39486
 1.0 16.70344
 1.0 16.95734
 1.0 17.43479
 1.0 16.40521
 1.0 15.15143
 1.0 14.17505
 1.0 12.94503
 1.0 12.29692
 1.0 13.41241
 1.0 13.95118
 1.0 12.94049
 1.0 12.54409
 1.0 11.94341
 1.0 11.77921
 1.0 11.41261
 1.0 10.07787
 1.0 8.9782
 1.0 9.44218
 1.0 9.64623
 1.0 10.6768
 1.0 11.13984
 1.0 10.07924
 1.0 9.6468
 1.0 9.10969
 1.0 7.87669
 1.0 5.56941
 1.0 19.96968
 1.0 19.91213
 1.0 18.68641
 1.0 17.42074
 1.0 17.49079
 1.0 16.32284
 1.0 16.58576
 1.0 16.7026
 1.0 17.14166
 1.0 16.14141
 1.0 14.81318
 1.0 13.86889
 1.0 12.54744
 1.0 11.94318
 1.0 13.02952
 1.0 13.41095
 1.0 12.29352
 1.0 11.94107
 1.0 11.51248
 1.0 11.41066
 1.0 11.24091
 1.0 9.96111
 1.0 8.75923
 2.0 8.9785
 1.0 9.10756
 1.0 10.26848
 1.0 10.67627
 1.0 9.64507
 1.0 9.44217
 1.0 8.97973
 1.0 7.62507
 1.0 6.58864
 1.0 5.208
 1.0 20.14522
 1.0 19.97192
 1.0 18.79139
 1.0 17.48857
 1.0 17.42522
 1.0 16.2043
 1.0 16.32711
 1.0 16.39894
 1.0 16.70711
 1.0 15.62913
 1.0 14.3075
 1.0 13.26853
 1.0 11.94553
 1.0 11.51323
 1.0 12.69819
 1.0 13.03017
 1.0 11.94225
 1.0 11.77851
 1.0 11.4114
 1.0 11.51274
 1.0 11.41213
 1.0 10.07677
 1.0 8.9779
 1.0 9.10788
 1.0 8.97944
 1.0 10.07814
 1.0 10.26902
 1.0 9.10726
 1.0 8.76081
 1.0 7.47082
 1.0 6.287
 1.0 4.97943
 1.0 21.46891
 1.0 21.27024
 1.0 20.12713
 1.0 18.79302
 1.0 18.69313
 1.0 17.42747
 1.0 17.49797
 1.0 17.60939
 1.0 17.85385
 1.0 16.71062
 1.0 15.4311
 1.0 14.31121
 1.0 13.03425
 1.0 12.69996
 1.0 13.9512
 1.0 14.30848
 1.0 13.26664
 1.0 13.17815
 1.0 12.79043
 1.0 12.94072
 1.0 12.79065
 1.0 11.41262
 1.0 10.38046
 1.0 10.56719
 1.0 10.3826
 1.0 11.41456
 1.0 11.5166
 1.0 10.26957
 1.0 10.07869
 1.0 9.96333
 1.0 8.76209
 1.0 7.47195
 1.0 6.28833
 1.0 21.48588
 1.0 21.32413
 1.0 20.22242
 1.0 18.85414
 1.0 18.79629
 1.0 17.49399
 1.0 17.60876
 1.0 17.85042
 1.0 18.13486
 1.0 16.96509
 1.0 15.75556
 1.0 14.60773
 1.0 13.41702
 1.0 13.03254
 1.0 14.30867
 1.0 14.81526
 1.0 13.86749
 1.0 13.72592
 1.0 13.17858
 1.0 13.26559
 1.0 12.94051
 1.0 11.51347
 1.0 10.56457
 1.0 10.96262
 1.0 10.85718
 1.0 11.7823
 1.0 11.94691
 1.0 10.67786
 1.0 10.27012
 1.0 10.0798
 1.0 8.98099
 1.0 7.62655
 1.0 22.86776
 1.0 22.68196
 1.0 21.61338
 1.0 20.22408
 1.0 20.13212
 1.0 18.79852
 1.0 18.86478
 1.0 19.13138
 1.0 19.3575
 1.0 18.13825
 1.0 16.96641
 1.0 15.75911
 1.0 14.60888
 1.0 14.31044
 1.0 15.63129
 1.0 16.14454
 1.0 15.22828
 1.0 15.15052
 1.0 14.60333
 1.0 14.73438
 1.0 14.38846
 1.0 12.94116
 1.0 12.04028
 1.0 12.45384
 1.0 12.29851
 1.0 13.18153
 1.0 13.27083
 1.0 11.94761
 1.0 11.51733
 1.0 11.41603
 1.0 10.38394
 1.0 8.98192
 1.0 8.02387
 1.0 6.59077
 1.0 6.29011
 1.0 23.15552
 1.0 22.87045
 1.0 21.84661
 1.0 20.43484
 1.0 20.22905
 1.0 18.86081
 1.0 18.80342
 1.0 19.03049
 1.0 19.13649
 1.0 17.8584
 1.0 16.71331
 1.0 15.43564
 1.0 14.31358
 1.0 14.1741
 1.0 15.55681
 1.0 16.02434
 1.0 15.1522
 1.0 15.22774
 1.0 14.73572
 1.0 15.02144
 1.0 14.73458
 1.0 13.26623
 1.0 12.45184
 1.0 12.79217
 1.0 12.45542
 1.0 13.26958
 1.0 13.18281
 1.0 11.78396
 1.0 11.41531
 1.0 11.51709
 1.0 10.56878
 1.0 9.11003
 1.0 8.26168
 1.0 6.76431
 1.0 6.59035
 1.0 5.20964
 1.0 4.3133
 1.0 22.1812
 1.0 21.84802
 1.0 20.88564
 1.0 19.44383
 1.0 19.18694
 1.0 17.78197
 1.0 17.67715
 1.0 17.96201
 1.0 18.0312
 1.0 16.71483
 1.0 15.63506
 1.0 14.31515
 1.0 13.27404
 1.0 13.18243
 1.0 14.60603
 1.0 15.1546
 1.0 14.39198
 1.0 14.52474
 1.0 13.95203
 1.0 14.30752
 1.0 13.95002
 1.0 12.45142
 1.0 11.77925
 1.0 12.20257
 1.0 11.78374
 1.0 12.45566
 1.0 12.30057
 1.0 10.85977
 1.0 10.3837
 1.0 10.5688
 1.0 9.76793
 1.0 8.2617
 1.0 7.6273
 2.0 6.1013
 1.0 5.77425
 2.0 4.31267
 1.0 3.83675
 1.0 4.97944
 1.0 5.20802
 1.0 20.75433
 1.0 20.43566
 1.0 19.44339
 1.0 18.01542
 1.0 17.78117
 1.0 16.39778
 1.0 16.33123
 1.0 16.59218
 1.0 16.71314
 1.0 15.43527
 1.0 14.31338
 1.0 13.03834
 1.0 11.95117
 1.0 11.784
 1.0 13.18199
 1.0 13.73083
 1.0 12.94442
 1.0 13.03255
 1.0 12.45366
 1.0 12.79024
 1.0 12.45164
 1.0 10.96062
 1.0 10.26635
 1.0 10.67657
 1.0 10.27095
 1.0 10.96493
 1.0 10.86002
 1.0 9.44605
 1.0 8.98164
 1.0 9.11004
 1.0 8.26169
 1.0 6.76433
 1.0 4.5753
 1.0 2.91781
 1.0 2.48694
 1.0 3.83456
 1.0 4.3107
 1.0 4.57406
 4.0 3.521
 1.0 20.43509
 1.0 20.22683
 1.0 19.18329
 1.0 17.77834
 1.0 17.67318
 1.0 16.32848
 1.0 16.40422
 1.0 16.71012
 1.0 16.96804
 1.0 15.76051
 1.0 14.6104
 1.0 13.422
 1.0 12.30557
 1.0 11.94997
 1.0 13.27211
 1.0 13.87313
 1.0 13.03553
 1.0 12.94439
 1.0 12.29898
 1.0 12.45408
 1.0 12.04238
 1.0 10.56722
 1.0 9.76537
 1.0 10.27094
 1.0 10.86052
 1.0 10.96898
 1.0 9.65174
 1.0 9.11339
 1.0 8.98441
 1.0 8.02631
 1.0 6.59331
 1.0 5.77761
 1.0 4.31718
 1.0 3.8411
 1.0 2.49365
 1.0 1.52604
 1.0 2.48806
 1.0 2.91684
 1.0 20.60572
 1.0 20.43742
 1.0 19.44509
 1.0 18.01757
 1.0 17.95733
 1.0 16.58898
 1.0 16.7103
 1.0 17.14705
 1.0 17.44329
 1.0 16.22338
 1.0 15.15973
 1.0 13.96261
 1.0 12.95302
 1.0 12.55368
 1.0 13.87413
 1.0 14.61039
 1.0 13.87333
 1.0 13.73101
 1.0 12.94569
 1.0 13.03339
 1.0 12.45498
 1.0 10.96468
 1.0 10.26959
 1.0 10.96593
 1.0 10.86155
 1.0 11.52048
 1.0 11.68974
 1.0 10.38932
 1.0 9.6529
 1.0 9.44928
 1.0 8.63368
 1.0 7.21356
 1.0 6.595
 1.0 5.21498
 1.0 4.31911
 1.0 2.92639
 2.0 2.49477
 1.0 2.92067
 1.0 4.5765
 1.0 3.83964
 1.0 20.43657
 1.0 20.38144
 1.0 19.3461
 1.0 17.95421
 1.0 18.02343
 1.0 16.70728
 1.0 16.96556
 1.0 17.44007
 1.0 17.86226
 1.0 16.71978
 1.0 15.64018
 1.0 14.53661
 1.0 13.51238
 1.0 12.95149
 1.0 14.18035
 1.0 14.95321
 1.0 14.17897
 1.0 13.8729
 1.0 13.03722
 1.0 12.94567
 1.0 10.86103
 1.0 10.08147
 1.0 10.86102
 1.0 10.96998
 1.0 11.68972
 1.0 12.05137
 1.0 10.86614
 1.0 10.08809
 1.0 9.65518
 1.0 8.77003
 1.0 7.48051
 1.0 6.7717
 1.0 5.57742
 1.0 4.5844
 1.0 3.53206
 1.0 2.92828
 1.0 4.57893
