
 50.0 1.526
 1.0 1.76286
 1.0 2.92254
 47.0 2.49139
 1.0 3.93976
 29.0 2.92064
 1.0 3.83818
 11.0 2.48916
 1.0 5.28385
 7.0 3.83745
 22.0 4.31457
 18.0 3.83962
 1.0 5.77421
 6.0 4.31264
 3.0 4.57526
 1.0 5.28174
 3.0 3.83601
 3.0 4.31263
 6.0 4.57587
 4.0 3.52256
 2.0 6.28699
 2.0 4.97943
 2.0 5.208
 3.0 5.56941
 1.0 6.34733
 2.0 5.20748
 4.0 5.56741
 2.0 6.28876
 3.0 5.56991
 9.0 5.21015
 6.0 4.98278
 1.0 7.62398
 1.0 6.58822
 2.0 6.76222
 2.0 7.4723
 2.0 6.76469
 7.0 6.59075
 2.0 6.29053
 1.0 7.67381
 1.0 6.76141
 1.0 6.58652
 1.0 7.20657
 2.0 6.58906
 3.0 6.76387
 1.0 9.10663
 1.0 8.25896
 1.0 8.02003
 1.0 8.62719
 2.0 8.02245
 2.0 8.26132
 2.0 8.0242
 3.0 5.77566
 1.0 9.48156
 1.0 8.75954
 1.0 8.25727
 1.0 8.75984
 3.0 8.25963
 2.0 8.76175
 2.0 8.62913
 1.0 7.20851
 1.0 10.96132
 1.0 10.26793
 1.0 9.76361
 3.0 10.26818
 2.0 9.76589
 2.0 10.27009
 1.0 10.08061
 1.0 11.81198
 1.0 10.96108
 1.0 10.564
 1.0 10.96157
 1.0 10.67652
 1.0 11.77824
 1.0 10.8533
 1.0 10.37774
 1.0 10.56399
 1.0 9.7636
 1.0 10.4144
 1.0 9.43834
 2.0 8.97445
 1.0 9.10448
 1.0 8.25692
 1.0 8.75952
 1.0 6.58863
 3.0 5.56891
 4.0 3.52098
 3.0 2.91968
 1.0 10.67104
 1.0 9.64045
 1.0 9.10204
 1.0 8.97444
 1.0 8.01724
 1.0 8.6246
 1.0 8.02037
 3.0 6.58694
 1.0 6.76221
 2.0 6.28831
 2.0 4.57465
 2.0 4.31392
 1.0 11.80868
 1.0 10.67027
 1.0 10.26249
 1.0 10.07286
 1.0 9.43921
 1.0 8.62461
 1.0 7.20386
 2.0 7.46932
 2.0 6.28566
 1.0 7.04355
 2.0 6.28787
 1.0 5.56791
 1.0 5.20908
 2.0 4.98055
 1.0 11.50764
 1.0 10.26116
 1.0 10.07039
 2.0 9.9555
 1.0 8.75445
 2.0 8.97447
 1.0 8.01726
 2.0 6.58357
 1.0 6.75894
 3.0 5.56392
 2.0 6.28522
 2.0 5.56642
 1.0 5.20641
 1.0 5.20801
 2.0 5.56942
 1.0 12.81431
 1.0 11.50716
 1.0 11.40576
 1.0 11.2357
 1.0 10.07289
 1.0 7.61961
 1.0 7.87105
 1.0 6.75853
 2.0 7.46858
 1.0 6.761
 1.0 6.58695
 2.0 6.58864
 2.0 6.76428
 1.0 12.78258
 1.0 11.40432
 1.0 11.5062
 1.0 11.40602
 1.0 10.07069
 1.0 9.95552
 1.0 8.75447
 1.0 7.46413
 1.0 7.61925
 2.0 6.58274
 1.0 7.20272
 1.0 6.58527
 2.0 6.76018
 1.0 6.58738
 1.0 7.20658
 1.0 11.80423
 1.0 10.37107
 1.0 10.55665
 1.0 10.37268
 1.0 8.97046
 1.0 8.75288
 1.0 7.46302
 2.0 6.27905
 1.0 6.58148
 1.0 5.76651
 1.0 6.584
 1.0 6.28434
 1.0 6.58569
 1.0 6.76182
 1.0 7.47045
 1.0 8.02281
 1.0 7.04513
 1.0 6.2892
 1.0 12.03057
 1.0 10.55509
 1.0 10.95221
 1.0 10.84692
 1.0 9.43307
 1.0 8.97047
 1.0 7.61599
 1.0 6.57938
 1.0 6.75443
 2.0 6.09216
 1.0 6.75689
 1.0 6.58442
 1.0 7.2035
 1.0 7.4697
 1.0 8.39876
 1.0 8.98066
 1.0 8.02315
 1.0 7.47305
 1.0 11.80236
 1.0 10.36975
 1.0 10.84513
 1.0 10.95349
 1.0 9.63645
 1.0 9.09935
 1.0 7.86685
 2.0 6.75404
 1.0 6.57981
 1.0 5.7646
 1.0 5.767
 1.0 6.58359
 1.0 6.75976
 1.0 7.87317
 1.0 8.39909
 1.0 7.47118
 1.0 7.20773
 1.0 6.10126
 1.0 10.36921
 1.0 8.96738
 1.0 9.43071
 1.0 9.63559
 1.0 8.38952
 2.0 7.86614
 1.0 6.75446
 2.0 5.55897
 2.0 5.19897
 1.0 4.30299
 1.0 4.56616
 1.0 4.3062
 1.0 5.20268
 2.0 5.56492
 1.0 7.47044
 1.0 6.76304
 1.0 6.58905
 1.0 5.77228
 1.0 6.09944
 2.0 5.77373
 1.0 10.10738
 2.0 8.75163
 1.0 8.96985
 1.0 9.09964
 1.0 7.86684
 1.0 7.61818
 1.0 6.58235
 1.0 5.20111
 1.0 4.97388
 1.0 3.83023
 1.0 4.30878
 1.0 3.83456
 1.0 4.30942
 3.0 4.57344
 1.0 5.56692
 1.0 5.5694
 1.0 5.20907
 2.0 4.31199
 1.0 4.31198
 4.0 2.91778
 2.0 7.46192
 1.0 7.61489
 1.0 6.58193
 1.0 5.768
 2.0 4.30624
 1.0 3.8317
 3.0 2.4825
 2.0 2.91686
 1.0 2.48917
 1.0 2.91589
 2.0 4.57283
 1.0 5.21013
 1.0 4.98053
 1.0 3.83527
 1.0 4.31005
 1.0 4.57282
 3.0 3.5194
 1.0 7.66623
 1.0 6.27774
 1.0 6.57811
 1.0 6.75321
 1.0 5.55847
 1.0 5.20058
 1.0 2.91117
 1.0 1.51691
 2.0 2.92253
 2.0 4.57707
 1.0 5.5689
 1.0 6.7655
 1.0 6.59199
 1.0 6.28962
 1.0 4.98052
 1.0 5.20746
 2.0 5.5679
 2.0 4.57404
 1.0 5.20961
 4.0 4.57527
 1.0 8.0107
 1.0 6.5777
 1.0 7.19618
 1.0 6.27863
 1.0 5.55997
 1.0 4.56742
 1.0 3.51314
 1.0 2.9102
 1.0 2.48136
 1.0 2.91397
 3.0 4.57161
 2.0 6.76181
 1.0 7.87597
 1.0 7.62651
 1.0 7.47191
 2.0 6.28698
 1.0 6.58778
 1.0 6.76263
 1.0 5.56841
 1.0 4.57405
 1.0 9.47368
 1.0 8.01174
 1.0 8.61755
 1.0 8.75289
 1.0 7.46303
 1.0 6.75568
 1.0 5.56146
 1.0 4.56678
 1.0 4.30492
 1.0 3.82949
 2.0 4.30683
 1.0 4.5704
 1.0 8.39842
 1.0 7.87457
 1.0 7.62433
 1.0 6.76139
 1.0 6.58736
 1.0 5.2064
 2.0 5.56691
 3.0 2.48805
 3.0 1.52236
 1.0 10.06766
 1.0 8.61691
 1.0 9.43306
 1.0 9.63818
 1.0 8.39216
 1.0 7.46415
 1.0 6.28128
 1.0 5.56145
 1.0 5.20056
 1.0 4.97274
 1.0 5.20107
 1.0 5.56243
 1.0 6.75771
 1.0 7.46746
 2.0 8.75763
 1.0 9.64362
 1.0 9.10633
 1.0 8.97818
 1.0 8.01968
 1.0 8.25861
 1.0 8.02072
 2.0 3.51941
 2.0 2.91684
 1.0 10.10382
 1.0 8.74911
 1.0 9.63415
 1.0 10.06906
 1.0 8.9711
 1.0 8.01385
 1.0 7.03729
 1.0 6.2804
 2.0 4.9694
 1.0 5.19895
 1.0 6.58021
 1.0 7.20003
 1.0 8.62076
 1.0 9.43746
 1.0 8.97509
 1.0 9.1045
 1.0 8.25526
 1.0 8.62462
 1.0 7.20387
 1.0 10.94997
 1.0 9.63389
 1.0 10.36923
 1.0 10.84618
 1.0 9.75627
 1.0 8.97143
 1.0 8.0149
 1.0 7.03571
 1.0 6.27821
 1.0 5.55748
 1.0 5.19685
 1.0 4.9683
 1.0 6.27686
 1.0 6.57896
 1.0 8.01278
 1.0 8.61948
 1.0 8.0145
 1.0 8.25359
 1.0 7.61816
 1.0 8.25426
 1.0 8.01692
 1.0 6.58358
 1.0 6.75935
 1.0 5.20694
 2.0 4.31262
 1.0 2.91777
 1.0 2.48804
 4.0 4.31265
 3.0 4.57588
 4.0 3.52257
 1.0 10.40567
 1.0 9.09572
 1.0 9.63244
 1.0 10.06659
 1.0 8.96833
 2.0 8.38988
 1.0 7.46269
 1.0 6.27777
 1.0 5.558
 1.0 4.56256
 1.0 4.30174
 1.0 3.82591
 1.0 4.96943
 1.0 5.19951
 1.0 6.58024
 1.0 7.20043
 1.0 6.58275
 1.0 6.7569
 1.0 6.09217
 1.0 6.75608
 1.0 5.20214
 1.0 4.571
 1.0 4.31004
 1.0 3.83671
 1.0 2.48914
 2.0 1.52235
 2.0 2.48693
 1.0 2.9178
 2.0 3.521
 2.0 2.9197
 1.0 11.50216
 1.0 10.2569
 1.0 10.66279
 1.0 11.12641
 1.0 10.06688
 1.0 9.63649
 1.0 8.75294
 1.0 7.46158
 1.0 6.75367
 1.0 5.55701
 1.0 5.19849
 1.0 4.30111
 1.0 5.19634
 1.0 4.96833
 1.0 6.27644
 1.0 6.57899
 1.0 5.76366
 1.0 6.09036
 1.0 5.76269
 1.0 6.57939
 1.0 4.97162
 1.0 5.20213
 2.0 4.30811
 1.0 4.31325
 1.0 2.92061
 1.0 2.49027
 2.0 3.51943
 1.0 4.57467
 1.0 4.31393
 1.0 11.26423
 1.0 10.06635
 1.0 10.255
 1.0 10.66305
 1.0 9.63303
 1.0 9.43253
 1.0 8.61825
 1.0 7.19662
 1.0 6.57986
 1.0 5.19795
 1.0 4.97282
 1.0 3.82886
 1.0 4.30177
 1.0 3.82668
 1.0 4.96946
 1.0 5.20007
 1.0 4.30431
 1.0 4.56437
 1.0 4.30044
 1.0 5.19684
 1.0 3.8266
 1.0 4.30554
 1.0 3.83309
 1.0 4.3094
 1.0 4.57524
 1.0 3.52412
 1.0 2.92158
 1.0 4.31201
 2.0 4.57528
 1.0 11.23132
 1.0 9.95111
 1.0 10.06605
 1.0 10.25688
 1.0 9.09601
 1.0 8.96958
 1.0 8.01212
 1.0 6.57815
 1.0 6.27954
 1.0 4.97168
 1.0 5.20435
 1.0 4.31013
 1.0 4.56987
 1.0 4.31077
 1.0 5.20541
 1.0 5.56797
 1.0 4.5747
 1.0 4.3101
 1.0 3.83172
 1.0 4.30559
 1.0 3.82951
 1.0 2.48025
 1.0 2.91302
 1.0 2.48579
 1.0 2.91492
 1.0 3.52097
 1.0 2.49251
 1.0 1.52237
 1.0 2.48919
 1.0 3.83675
 2.0 4.31329
 1.0 12.56741
 1.0 11.2323
 1.0 11.4029
 1.0 11.50503
 1.0 10.25877
 1.0 10.0699
 1.0 8.97142
 1.0 7.61637
 1.0 7.46417
 1.0 6.28042
 1.0 6.58448
 1.0 5.76994
 1.0 6.09586
 1.0 5.7709
 1.0 6.58617
 1.0 6.76228
 1.0 5.56747
 1.0 5.20646
 1.0 4.97725
 1.0 5.20485
 1.0 4.30816
 1.0 2.91401
 2.0 2.48358
 1.0 1.5187
 2.0 2.48692
 1.0 2.92063
 2.0 2.49362
 1.0 2.92351
 1.0 2.4903
 1.0 3.83893
 2.0 4.98168
 1.0 5.21016
 1.0 5.20909
 1.0 5.56993
 1.0 12.78002
 1.0 11.40242
 1.0 11.77004
 1.0 11.93506
 1.0 10.66668
 1.0 10.26067
 1.0 9.10059
 1.0 7.86686
 1.0 7.61711
 1.0 6.57983
 1.0 6.7553
 1.0 6.0922
 1.0 6.7557
 1.0 6.58236
 1.0 7.61965
 1.0 7.87109
 1.0 6.75856
 1.0 6.58487
 1.0 6.28349
 1.0 6.58571
 1.0 5.77038
 1.0 4.30943
 1.0 3.83455
 1.0 2.49249
 1.0 1.52782
 1.0 2.49252
 1.0 2.91971
 1.0 4.31395
 1.0 5.21017
 2.0 3.83747
 1.0 12.80766
 1.0 11.50192
 1.0 11.93065
 1.0 12.28452
 1.0 11.12691
 1.0 10.6667
 1.0 9.63764
 1.0 7.86547
 1.0 6.7512
 1.0 6.57733
 1.0 5.76032
 1.0 6.57563
 1.0 6.27423
 1.0 7.45859
 1.0 7.61346
 1.0 6.57687
 1.0 6.7524
 1.0 6.57813
 1.0 7.1985
 1.0 6.58106
 1.0 5.20108
 1.0 4.97496
 1.0 3.83382
 1.0 3.84105
 1.0 2.49361
 1.0 2.92161
 1.0 4.57286
 1.0 5.56844
 1.0 5.20964
 1.0 4.31394
 1.0 4.5771
 1.0 4.31523
 1.0 2.92066
 1.0 2.49029
 1.0 11.49928
 1.0 10.25421
 1.0 10.65968
 1.0 11.12343
 1.0 10.06413
 1.0 9.6342
 1.0 8.75105
 1.0 7.45936
 1.0 6.75122
 1.0 5.55403
 1.0 5.1953
 1.0 4.29726
 1.0 5.19208
 1.0 4.96387
 1.0 6.27202
 1.0 6.57477
 1.0 5.7598
 1.0 6.08671
 1.0 5.75884
 1.0 6.57601
 1.0 6.27639
 1.0 4.96939
 1.0 5.20106
 1.0 4.31455
 1.0 2.92252
 1.0 2.49028
 1.0 2.91494
 1.0 3.51628
 2.0 4.57225
 1.0 4.31266
 1.0 4.31587
 1.0 3.84109
 1.0 2.49364
 1.0 1.52602
 2.0 0.00446
 1.0 11.26376
 1.0 10.06582
 1.0 10.25394
 1.0 10.66151
 1.0 9.63132
 1.0 9.43137
 1.0 8.61697
 1.0 7.19509
 1.0 6.57904
 1.0 5.19691
 1.0 4.97285
 1.0 3.8289
 2.0 4.30051
 1.0 3.82526
 1.0 4.96725
 1.0 5.19796
 1.0 4.30175
 1.0 4.56074
 1.0 4.29659
 1.0 5.19258
 1.0 4.96494
 1.0 3.82225
 1.0 4.30167
 1.0 3.8302
 1.0 4.57403
 1.0 3.52413
 1.0 2.9216
 1.0 2.48472
 1.0 2.91498
 1.0 4.31074
 1.0 4.57529
 1.0 5.21122
 1.0 4.98502
 1.0 3.84253
 1.0 2.49363
 1.0 1.52965
 1.0 10.06363
 1.0 8.96562
 1.0 9.09058
 1.0 9.62788
 1.0 8.74346
 1.0 8.61378
 1.0 8.00974
 1.0 6.57482
 1.0 5.7623
 1.0 4.29924
 1.0 3.82966
 1.0 2.48045
 1.0 2.90177
 1.0 2.47258
 1.0 3.81946
 1.0 4.29985
 1.0 3.82521
 1.0 4.29657
 1.0 3.81577
 1.0 4.95937
 1.0 5.19042
 1.0 4.29653
 1.0 5.19733
 1.0 4.97384
 1.0 5.2016
 1.0 2.91399
 1.0 2.48139
 1.0 3.83242
 1.0 4.31267
 1.0 4.57406
 1.0 5.57142
 2.0 5.21442
 1.0 4.31972
 1.0 2.92445
 1.0 2.49585
 1.0 8.79106
 1.0 7.61134
 1.0 7.85845
 1.0 8.38231
 1.0 7.4538
 1.0 7.19319
 1.0 6.57609
 1.0 5.19371
 1.0 2.90364
 1.0 2.48152
 1.0 1.51712
 1.0 2.47589
 1.0 2.91218
 1.0 4.30304
 1.0 5.20326
 1.0 4.97611
 1.0 5.20003
 1.0 4.29914
 1.0 5.1931
 1.0 5.55495
 1.0 4.5619
 1.0 5.55943
 1.0 5.20267
 1.0 4.97273
 1.0 5.20533
 1.0 4.31326
 1.0 2.91874
 1.0 1.51326
 1.0 2.91782
 1.0 3.51942
 1.0 4.57649
 1.0 4.31779
 1.0 3.84324
 1.0 2.92444
 1.0 2.49138
 1.0 7.60882
 1.0 6.57276
 1.0 6.74222
 1.0 7.44973
 1.0 6.7418
 1.0 6.57232
 1.0 6.27341
 1.0 4.96393
 1.0 3.82385
 1.0 2.47259
 1.0 1.51722
 1.0 0.02893
 1.0 1.50429
 1.0 2.48371
 1.0 3.82595
 1.0 4.97502
 1.0 5.20537
 1.0 5.55945
 1.0 4.5595
 1.0 5.55047
 1.0 6.2733
 1.0 5.55595
 1.0 6.75441
 1.0 6.28036
 1.0 6.58568
 1.0 5.7742
 1.0 3.83311
 1.0 2.48137
 1.0 2.91116
 1.0 3.51944
 2.0 4.57345
 2.0 5.57092
 1.0 4.98724
 1.0 3.8418
 2.0 4.31843
 2.0 6.10127
 1.0 8.04967
 1.0 7.18861
 1.0 7.44714
 1.0 8.37605
 1.0 7.85352
 1.0 7.60844
 1.0 7.45755
 1.0 6.27209
 1.0 4.96619
 1.0 3.82022
 1.0 2.47489
 1.0 1.50437
 1.0 2.46134
 1.0 2.89884
 1.0 4.29014
 1.0 5.19206
 1.0 5.55598
 1.0 6.27199
 1.0 5.54748
 1.0 6.7417
 1.0 7.45408
 1.0 6.74867
 1.0 7.8654
 1.0 7.61923
 1.0 7.46412
 1.0 7.62288
 1.0 6.58947
 1.0 4.97497
 1.0 3.82806
 1.0 4.30493
 1.0 5.56743
 1.0 6.29098
 1.0 5.57441
 1.0 5.21548
 1.0 4.3165
 1.0 4.57891
 1.0 4.31328
 2.0 5.20695
 2.0 6.58865
 1.0 6.76388
 1.0 8.37705
 1.0 7.45086
 1.0 7.99728
 1.0 8.95693
 1.0 8.37867
 1.0 7.85846
 1.0 7.6117
 1.0 6.57314
 1.0 5.19213
 1.0 4.29341
 1.0 2.89698
 1.0 2.46469
 1.0 3.81144
 1.0 4.29142
 1.0 5.75115
 1.0 6.57054
 1.0 6.74828
 1.0 7.45521
 1.0 6.74334
 1.0 7.85624
 1.0 8.38387
 1.0 7.45743
 1.0 8.38982
 1.0 7.86892
 1.0 7.61851
 1.0 7.46857
 1.0 4.97719
 1.0 5.20215
 1.0 4.30298
 1.0 4.56617
 1.0 4.30879
 1.0 4.57952
 1.0 3.83891
 1.0 4.31522
 1.0 5.56593
 1.0 6.76224
 1.0 5.77374
