7 [7.774283309719628, 18.21042314699588, 5.068421800106954]
8 [1.1155605253001755, 11.983002830190175, 7.076115450758641]
10 [1.5532072260147256, 11.166737363408041, 7.445851876077752]
15 [13.384237465765866, 10.521708482057017, 27.33175924325897]
19 [1.632505158147188, 11.535173662570399, 22.493689462738054]
22 [0.24412273055022082, 22.620919407328508, 15.899826654131179]
25 [8.944090998956677, 17.45934731838922, 7.548551768205335]
34 [9.158661940371864, 23.80327683468783, 25.6539890543297]
49 [1.9775134615618484, 10.326861876884678, 19.2693369058833]
55 [9.520494865999538, 21.665299777848706, 26.319039532550704]
60 [9.756082628666709, 24.472812899253007, 27.124815629893565]
68 [6.129645614533604, 18.3969883138064, 5.934183225594724]
71 [0.9118738814102745, 11.11726345449512, 21.340010330606752]
72 [8.185478898391986, 16.112751506956812, 13.53598099819133]
74 [8.547971716739735, 16.021764529205804, 14.07082420747086]
81 [1.3599474822740616, 10.980350949035932, 22.453150125743914]
88 [7.569411131125947, 14.511768906015556, 9.500218071304804]
90 [12.102730612678165, 10.824143949815635, 26.927765813433734]
92 [0.8198361308025348, 22.789050764138562, 16.45345322261454]
97 [0.9803734833143687, 9.964191349863079, 18.105335987319943]
