
 101.0 1.526
 1.0 1.76286
 4.0 2.92254
 97.0 2.49139
 1.0 3.05109
 68.0 2.92064
 2.0 4.57709
 39.0 4.31457
 31.0 3.83962
 1.0 5.28438
 6.0 4.57526
 3.0 5.20962
 10.0 4.31264
 14.0 3.83745
 31.0 2.48916
 1.0 3.93624
 4.0 2.91779
 5.0 2.48804
 6.0 1.52235
 4.0 2.92066
 5.0 2.49141
 5.0 1.52602
 5.0 0.00446
 6.0 1.52236
 1.0 3.05474
 3.0 2.92445
 3.0 2.49585
 2.0 1.52963
 2.0 2.92827
 1.0 3.52889
 1.0 2.92825
 1.0 1.7692
 1.0 2.92732
 2.0 2.49809
 3.0 3.836
 11.0 4.98055
 14.0 5.21015
 1.0 2.92923
 1.0 4.32167
 1.0 3.84615
 1.0 4.31844
 5.0 3.83818
 2.0 4.97943
 7.0 6.28832
 8.0 6.59075
 7.0 5.77566
 1.0 3.94544
 1.0 5.21604
 1.0 4.32038
 2.0 4.57892
 3.0 4.3133
 4.0 5.20695
 8.0 6.58865
 6.0 6.76388
 8.0 6.10127
 9.0 4.57527
 1.0 4.58258
 1.0 5.57442
 1.0 4.58135
 2.0 4.31651
 2.0 3.83747
 2.0 4.31007
 2.0 5.77181
 4.0 6.09944
 4.0 5.77373
 1.0 5.84749
 1.0 6.76841
 1.0 5.57392
 3.0 5.21122
 1.0 4.98057
 2.0 5.20589
 1.0 6.58696
 4.0 6.76182
 4.0 6.58864
 1.0 5.20801
 1.0 6.77089
 1.0 7.88166
 1.0 6.76924
 2.0 6.59203
 1.0 6.28834
 4.0 6.58654
 3.0 8.02039
 2.0 8.2593
 4.0 8.02212
 1.0 8.07744
 1.0 9.11399
 1.0 7.88095
 1.0 7.62801
 2.0 7.47195
 2.0 7.62327
 3.0 8.97819
 2.0 9.10725
 2.0 8.97974
 1.0 7.62508
 5.0 7.47194
 1.0 8.02666
 1.0 8.98317
 1.0 7.62838
 2.0 7.62437
 1.0 7.87248
 2.0 9.10605
 2.0 8.97758
 2.0 8.75986
 3.0 7.46971
 2.0 7.62509
 1.0 9.48864
 1.0 10.38502
 1.0 8.98255
 1.0 8.76178
 1.0 8.97914
 1.0 9.10575
 1.0 10.26686
 1.0 10.07621
 1.0 9.9611
 1.0 8.02213
 2.0 8.26132
 3.0 7.62727
 1.0 10.08285
 1.0 10.85871
 2.0 9.44484
 2.0 8.97944
 2.0 9.10728
 1.0 8.97635
 1.0 10.07511
 2.0 9.95886
 1.0 10.0762
 1.0 8.97757
 1.0 9.10726
 1.0 8.25931
 1.0 8.76176
 1.0 8.26133
 1.0 10.12167
 1.0 10.96566
 1.0 9.64855
 2.0 9.10848
 2.0 8.97882
 1.0 8.75765
 3.0 10.07509
 1.0 10.26684
 1.0 9.10603
 2.0 8.6272
 1.0 8.76527
 1.0 9.64797
 1.0 8.40175
 1.0 7.87529
 1.0 7.624
 1.0 7.46748
 1.0 8.75763
 2.0 8.97632
 1.0 9.10572
 2.0 7.87246
 1.0 7.62325
 2.0 6.58653
 1.0 7.20581
 5.0 6.5878
 3.0 4.31199
 4.0 2.91778
 4.0 2.48805
 1.0 8.07365
 1.0 8.76241
 1.0 7.47269
 2.0 6.76224
 2.0 6.5874
 1.0 6.28392
 1.0 7.46747
 1.0 7.62142
 1.0 6.75976
 1.0 5.77133
 2.0 6.58781
 2.0 6.28745
 3.0 4.97945
 2.0 3.83674
 3.0 2.48806
 4.0 2.91971
 7.0 2.49029
 7.0 2.9197
 10.0 3.52257
 1.0 8.027
 1.0 8.63045
 1.0 7.21008
 3.0 6.58993
 1.0 6.76391
 2.0 6.58783
 3.0 7.62472
 3.0 6.58823
 1.0 6.76389
 1.0 6.10128
 2.0 6.76512
 2.0 6.59162
 4.0 5.2107
 2.0 4.31588
 2.0 2.92161
 1.0 3.52417
 1.0 7.26659
 1.0 8.02631
 1.0 6.59289
 2.0 6.29011
 2.0 6.59036
 1.0 6.76308
 2.0 7.87601
 4.0 7.62545
 3.0 6.28833
 2.0 6.59119
 1.0 5.77615
 1.0 6.1031
 2.0 5.77712
 2.0 3.84181
 2.0 2.49364
 4.0 2.92351
 3.0 2.49252
 1.0 1.52419
 9.0 2.91968
 12.0 3.52256
 1.0 5.77858
 1.0 6.59247
 1.0 5.21177
 3.0 4.98168
 1.0 5.20911
 7.0 5.56744
 4.0 6.76266
 1.0 6.287
 1.0 4.97944
 3.0 5.21016
 2.0 4.31523
 2.0 4.5771
 1.0 4.31652
 2.0 2.92257
 2.0 2.49476
 2.0 1.52966
 2.0 2.9235
 2.0 2.49028
 8.0 4.31392
 5.0 4.57648
 1.0 5.28862
 1.0 5.77761
 1.0 4.31653
 1.0 3.83965
 1.0 4.3159
 1.0 4.57651
 2.0 5.56994
 3.0 5.20856
 2.0 4.98056
 3.0 3.83819
 3.0 4.31717
 1.0 3.84327
 1.0 4.31846
 1.0 4.58137
 1.0 3.52733
 1.0 2.92733
 2.0 2.49587
 1.0 3.84326
 1.0 4.31716
 5.0 5.20854
 4.0 5.56991
 1.0 3.84256
 3.0 4.31589
 3.0 2.92162
 1.0 2.92163
 1.0 3.5226
 4.0 4.57528
 2.0 4.31135
 1.0 3.83528
 2.0 2.92352
 1.0 2.497
 1.0 2.92543
 1.0 3.52891
 1.0 2.92638
 1.0 2.49811
 1.0 2.92541
 3.0 4.31909
 5.0 5.21335
 4.0 4.98167
 1.0 6.28876
 2.0 6.58948
 1.0 6.7651
 1.0 5.57041
 4.0 4.57587
 1.0 3.94333
 3.0 3.84111
 4.0 2.49254
 1.0 1.52787
 1.0 2.49702
 1.0 2.9264
 1.0 3.52576
 4.0 2.48918
 1.0 1.52788
 1.0 2.49924
 1.0 2.93114
 1.0 3.53049
 1.0 4.58441
 1.0 4.32104
 1.0 3.84617
 1.0 5.78
 1.0 6.59371
 3.0 6.28921
 2.0 7.62544
 1.0 7.8774
 1.0 6.76551
 10.0 4.98278
 2.0 5.21498
 1.0 4.98392
 1.0 3.84037
 1.0 2.92735
 1.0 2.49814
 1.0 2.92449
 1.0 2.92734
 1.0 3.5305
 1.0 4.58198
 1.0 5.57644
 1.0 4.31975
 2.0 4.57893
 1.0 6.10493
 1.0 6.76635
 3.0 6.58908
 1.0 7.4697
 1.0 7.6258
 3.0 6.59033
 3.0 5.20908
 1.0 5.2865
 3.0 5.20909
 2.0 4.31328
 1.0 1.52607
 1.0 2.48695
 1.0 2.91301
 2.0 3.51624
 5.0 2.91589
 3.0 2.49031
 1.0 2.92354
 1.0 5.21338
 1.0 4.98393
 4.0 4.31524
 1.0 6.59161
 1.0 6.76307
 1.0 7.8753
 2.0 7.62436
 3.0 5.56993
 8.0 4.57588
 1.0 5.56743
 1.0 4.57344
 1.0 3.51783
 2.0 2.9178
 1.0 2.48582
 2.0 3.83311
 1.0 4.30682
 2.0 4.56857
 1.0 3.51467
 3.0 2.48807
 1.0 3.83603
 1.0 4.31396
 3.0 3.83748
 1.0 2.91972
 2.0 6.28877
 1.0 3.83746
 2.0 4.31329
 3.0 3.521
 1.0 5.84033
 1.0 6.28478
 1.0 5.56591
 1.0 4.56977
 1.0 2.9111
 2.0 4.30488
 1.0 5.20051
 1.0 5.5604
 2.0 4.56613
 1.0 3.51308
 4.0 2.91208
 1.0 4.30749
 3.0 4.57164
 2.0 4.31008
 1.0 2.91591
 3.0 3.51944
 1.0 4.5753
 1.0 6.28702
 2.0 7.47158
 1.0 7.20737
 2.0 6.59035
 4.0 5.20963
 2.0 5.56944
 1.0 4.57467
 4.0 4.31393
 1.0 6.28656
 1.0 7.04039
 1.0 6.28477
 1.0 5.56341
 1.0 5.766
 2.0 6.58144
 1.0 6.75522
 1.0 5.55941
 1.0 3.5115
 2.0 4.56615
 1.0 4.30556
 2.0 3.83022
 2.0 2.48135
 1.0 2.91495
 1.0 3.51945
 1.0 4.57529
 1.0 5.56694
 4.0 6.76349
 2.0 5.77568
 2.0 4.31459
 1.0 3.8382
 1.0 5.2091
 4.0 4.31201
 1.0 7.26082
 2.0 8.01969
 2.0 7.04198
 1.0 6.28389
 1.0 5.56392
 1.0 5.20213
 1.0 6.58272
 1.0 7.20077
 2.0 7.46485
 1.0 6.28035
 1.0 5.56192
 1.0 4.56736
 1.0 5.56193
 2.0 5.20269
 2.0 4.3062
 1.0 2.48248
 1.0 2.91496
 1.0 5.56745
 1.0 5.20857
 1.0 4.31395
 1.0 3.8353
 9.0 4.31265
 2.0 4.57405
 3.0 5.56942
 1.0 7.46934
 1.0 6.28568
 1.0 5.56443
 2.0 5.20482
 3.0 4.97497
 1.0 6.28257
 1.0 6.58273
 2.0 6.75688
 1.0 5.56143
 1.0 5.20375
 3.0 4.30813
 1.0 5.20429
 1.0 4.97722
 1.0 3.83313
 2.0 2.48583
 3.0 1.51874
 2.0 2.48919
 1.0 2.92067
 1.0 3.51943
 2.0 4.57468
 1.0 4.31394
 2.0 3.84036
 1.0 2.49251
 1.0 2.4903
 2.0 2.91876
 1.0 2.48694
 2.0 3.51941
 1.0 5.83988
 1.0 6.76102
 2.0 5.56594
 2.0 4.9761
 1.0 5.20376
 2.0 6.58443
 1.0 6.75771
 1.0 6.58274
 1.0 5.20161
 2.0 4.97609
 2.0 3.83312
 3.0 4.30814
 1.0 3.83386
 2.0 2.48472
 1.0 1.52239
 1.0 0.00997
 1.0 1.52968
 1.0 4.31587
 2.0 4.57891
 2.0 4.31908
 1.0 2.92539
 2.0 2.49474
 2.0 1.52238
 2.0 4.57408
 1.0 4.57224
 1.0 4.30877
 2.0 3.83167
 1.0 4.30685
 1.0 5.76796
 1.0 6.09397
 1.0 5.76651
 1.0 4.3049
 1.0 2.48359
 2.0 2.91304
 1.0 2.48584
 1.0 1.52057
 1.0 0.00973
 2.0 2.49698
 2.0 3.8447
 1.0 5.77807
 2.0 6.10491
 2.0 5.7795
 3.0 4.31843
 1.0 3.8418
 3.0 4.3178
 2.0 2.92256
 3.0 3.83892
 1.0 3.93557
 1.0 5.20645
 1.0 4.31073
 2.0 4.30815
 1.0 5.2043
 1.0 6.58486
 3.0 6.75855
 4.0 6.09399
 1.0 4.56799
 3.0 4.30943
 2.0 2.91686
 2.0 2.4836
 1.0 1.52058
 1.0 0.01115
 2.0 1.53148
 2.0 2.49808
 1.0 2.93015
 1.0 4.32294
 3.0 4.58073
 1.0 6.10672
 1.0 6.77003
 2.0 6.59665
 1.0 5.21547
 2.0 4.98613
 1.0 5.21496
 1.0 2.92446
 1.0 3.52575
 1.0 5.21178
 2.0 4.9828
 1.0 5.20806
 1.0 6.58784
 1.0 5.77232
 2.0 6.09764
 2.0 5.76894
 1.0 6.58401
 1.0 8.01763
 1.0 8.25561
 1.0 7.61999
 1.0 5.76989
 1.0 3.83168
 1.0 2.48361
 2.0 2.4914
 1.0 2.92444
 1.0 2.49807
 1.0 3.84613
 1.0 4.31778
 1.0 6.59538
 1.0 6.29493
 1.0 4.98611
 1.0 5.57342
 2.0 3.52416
 1.0 4.57772
 1.0 5.83941
 1.0 7.20545
 1.0 6.75977
 3.0 6.09398
 1.0 6.75606
 1.0 8.25358
 2.0 8.7551
 1.0 8.25325
 2.0 6.75566
 1.0 4.56798
 2.0 4.30491
 1.0 2.91019
 2.0 2.48247
 3.0 2.91683
 3.0 2.92349
 1.0 4.31907
 2.0 5.21174
 1.0 6.59369
 1.0 7.21235
 1.0 6.59453
 1.0 5.2128
 1.0 5.57141
 1.0 6.29142
 1.0 5.57143
 1.0 4.5765
 1.0 5.57093
 1.0 5.21017
 1.0 6.5912
 2.0 7.20968
 1.0 6.59077
 1.0 3.83601
 3.0 4.31263
 2.0 6.28614
 1.0 7.46786
 1.0 6.75978
 1.0 6.58316
 1.0 5.76555
 1.0 6.09032
 1.0 7.61632
 1.0 8.25122
 1.0 8.01276
 2.0 6.57894
 1.0 5.76458
 1.0 4.30297
 1.0 4.56495
 1.0 3.51154
 1.0 2.91018
 1.0 2.48134
 1.0 2.91588
 2.0 2.48917
 1.0 3.84035
 2.0 4.98054
 1.0 6.29008
 2.0 6.59159
 3.0 5.77709
 4.0 4.31521
 2.0 5.56943
 1.0 6.2879
 2.0 5.77326
 1.0 4.312
 1.0 3.83602
 1.0 2.48693
 2.0 3.52098
 1.0 5.27914
 1.0 6.28215
 1.0 5.56294
 1.0 5.20107
 1.0 4.30362
 1.0 4.56433
 1.0 6.09033
 1.0 6.75318
 2.0 6.57809
 1.0 5.1968
 1.0 4.30233
 1.0 2.90732
 1.0 3.50995
 1.0 2.9102
 1.0 2.48137
 1.0 1.51508
 1.0 4.31779
 1.0 5.20961
 1.0 6.76633
 2.0 6.1049
 1.0 4.5789
 1.0 5.21069
 1.0 3.83529
 1.0 2.91875
 2.0 1.52418
 5.0 2.49138
 2.0 2.92063
 8.0 2.49026
 1.0 4.57166
 1.0 5.56396
 1.0 4.56983
 1.0 4.3075
 2.0 3.83169
 1.0 5.76556
 2.0 4.30363
 2.0 2.48363
 1.0 2.91116
 2.0 1.51694
 1.0 0.01357
 1.0 1.52967
 1.0 3.84469
 2.0 5.78046
 2.0 4.31971
 1.0 3.84324
 1.0 3.84038
 2.0 2.49253
 2.0 2.49362
 1.0 2.92443
 1.0 2.49361
 4.0 1.52599
 1.0 3.93204
 1.0 4.5674
 1.0 3.51312
 1.0 2.91115
 2.0 2.48364
 1.0 2.91689
 1.0 4.30946
 1.0 4.568
 1.0 4.30299
 1.0 2.90734
 1.0 1.52065
 1.0 2.48252
 1.0 2.91785
 2.0 2.48921
 1.0 1.53153
 2.0 2.49699
 1.0 3.84543
 3.0 4.98836
 1.0 5.21175
 3.0 6.59286
 1.0 6.76839
 1.0 6.59664
 1.0 5.21653
 1.0 4.32036
 2.0 4.31715
 2.0 2.9216
 2.0 1.52056
 1.0 2.92258
 2.0 2.49477
 1.0 2.49697
 1.0 2.92634
 1.0 3.52886
 1.0 2.92538
 1.0 2.49249
 1.0 3.51311
 1.0 2.91207
 2.0 2.48358
 1.0 1.51875
 1.0 3.83604
 1.0 4.30878
 2.0 3.82877
 1.0 2.47912
 1.0 1.51878
 1.0 0.01656
 1.0 1.51512
 1.0 6.29583
 1.0 8.02661
 1.0 8.26568
 1.0 8.02938
 1.0 6.59622
 3.0 6.10673
 2.0 5.77902
 1.0 4.31714
 1.0 3.84253
 1.0 3.5289
 2.0 2.92729
 1.0 3.52728
 1.0 4.58132
 1.0 4.31841
 1.0 3.84033
 1.0 3.04197
 1.0 2.90731
 1.0 2.47908
 1.0 1.51505
 1.0 0.01465
 1.0 1.53518
 1.0 2.49258
 1.0 2.91592
 1.0 2.478
 1.0 1.51142
 1.0 0.01856
 1.0 1.53338
 1.0 2.4881
 1.0 3.84039
 1.0 3.84544
 1.0 6.29628
 1.0 7.47974
 1.0 7.62981
 1.0 8.98468
 1.0 9.11426
 1.0 8.98777
 1.0 7.63345
 1.0 6.77045
 1.0 6.59496
 1.0 5.21334
 1.0 2.49363
 1.0 2.92922
 1.0 2.50144
 1.0 2.92919
 1.0 3.53045
 1.0 4.58193
 1.0 5.57638
 1.0 5.21493
 1.0 4.98388
 1.0 4.56797
 1.0 4.30102
 1.0 3.82656
 1.0 2.47685
 1.0 0.0183
 1.0 1.51515
 1.0 2.47576
 1.0 2.90252
 1.0 2.47463
 1.0 1.51331
 1.0 2.48924
 1.0 3.83315
 1.0 4.98058
 2.0 5.20964
 1.0 4.31654
 1.0 5.21284
 1.0 6.59457
 1.0 7.63128
 3.0 7.87741
 1.0 9.11092
 1.0 8.98314
 1.0 8.76715
 1.0 7.47751
 1.0 6.29318
 1.0 6.59329
 2.0 6.76634
 3.0 5.56992
 1.0 1.53149
 1.0 5.216
 1.0 4.985
 1.0 5.21067
 1.0 5.27542
 1.0 5.19678
 2.0 4.97047
 1.0 3.82583
 1.0 2.4791
 1.0 1.51141
 1.0 2.47462
 1.0 3.82293
 1.0 4.29713
 1.0 3.82294
 1.0 2.47464
 1.0 2.91212
 1.0 4.30493
 1.0 5.20538
 1.0 5.56645
 1.0 4.57409
 1.0 6.76637
 1.0 7.87954
 1.0 8.4001
 1.0 9.64739
 1.0 9.44483
 1.0 8.98408
 1.0 7.62982
 2.0 7.47306
 2.0 6.28789
 3.0 5.56843
 1.0 4.57223
 1.0 4.3107
 1.0 3.84251
 1.0 4.98612
 3.0 4.57345
 1.0 5.56593
 2.0 5.77374
 1.0 6.75647
 1.0 6.57722
 1.0 6.27768
 1.0 4.96824
 1.0 3.82803
 1.0 2.47688
 1.0 2.9006
 2.0 4.29518
 1.0 5.19196
 2.0 4.96602
 1.0 3.82369
 1.0 4.30494
 1.0 5.76557
 1.0 6.58488
 1.0 6.7598
 1.0 5.56547
 1.0 6.28615
 1.0 7.47234
 1.0 8.40144
 1.0 8.97821
 1.0 10.07788
 1.0 9.64567
 1.0 9.11063
 1.0 7.87813
 2.0 6.7639
 2.0 7.47121
 2.0 8.02144
 2.0 7.04199
 3.0 6.28524
 1.0 5.56393
 1.0 5.20374
 3.0 4.30942
 1.0 3.52099
 2.0 6.28788
 1.0 5.56643
 1.0 6.7606
 3.0 7.87459
 1.0 6.58866
 1.0 5.20803
 1.0 7.66945
 1.0 7.61411
 2.0 7.46186
 1.0 6.27635
 1.0 4.97048
 1.0 3.82439
 1.0 5.75683
 2.0 6.57299
 1.0 6.27371
 1.0 5.19842
 1.0 6.57937
 1.0 7.20121
 2.0 7.46638
 1.0 6.28261
 2.0 7.04043
 1.0 8.02112
 1.0 8.98008
 1.0 9.76336
 2.0 10.85513
 1.0 10.38047
 1.0 9.64683
 1.0 8.40077
 1.0 7.47047
 1.0 8.39845
 1.0 8.97852
 1.0 8.01936
 3.0 7.4686
 1.0 6.75894
 1.0 6.58484
 1.0 5.77036
 2.0 5.57142
 2.0 7.04356
 4.0 8.39844
 1.0 6.76225
 1.0 6.28878
 1.0 7.61849
 2.0 7.45961
 1.0 7.61629
 1.0 6.57848
 1.0 5.19998
 2.0 4.30295
 1.0 4.55881
 1.0 6.08481
 1.0 6.7478
 1.0 6.57596
 1.0 5.19573
 1.0 5.55995
 1.0 6.75443
 1.0 8.01833
 1.0 8.02007
 1.0 8.98039
 1.0 10.08009
 1.0 12.04166
 1.0 11.68211
 1.0 10.96491
 2.0 9.64798
 1.0 8.76147
 1.0 9.64596
 1.0 10.07842
 2.0 8.97851
 2.0 7.46859
 1.0 7.20465
 1.0 5.20748
 1.0 5.56892
 1.0 6.76676
 1.0 7.47268
 2.0 8.01935
 1.0 8.39911
 1.0 7.04515
 2.0 6.28922
 1.0 6.34117
 1.0 6.27545
 1.0 6.57931
 1.0 5.76309
 1.0 4.30358
 1.0 3.82802
 1.0 4.29906
 1.0 5.75972
 1.0 6.08482
 1.0 5.76022
 1.0 4.29973
 2.0 4.56617
 1.0 5.55894
 1.0 6.2826
 1.0 7.04042
 1.0 6.28481
 2.0 7.4701
 1.0 8.40078
 1.0 10.38045
 1.0 11.6821
 2.0 11.51515
 2.0 10.85845
 1.0 8.62787
 1.0 9.44308
 1.0 9.64595
 1.0 6.76059
 1.0 6.58695
 2.0 6.59202
 2.0 7.20812
 1.0 7.47082
 1.0 6.28523
 1.0 7.04041
 2.0 8.02005
 1.0 7.47009
 1.0 4.57406
 1.0 6.28077
 1.0 6.57847
 1.0 6.75479
 1.0 6.09028
 1.0 4.56429
 1.0 4.30164
 1.0 5.19516
 1.0 6.57594
 1.0 6.74903
 2.0 6.08665
 1.0 4.56065
 1.0 4.30167
 1.0 5.19733
 1.0 5.56095
 1.0 6.28259
 1.0 5.56345
 2.0 6.76061
 1.0 7.47122
 1.0 8.76242
 1.0 9.64422
 1.0 10.96261
 1.0 10.85614
 1.0 10.0798
 1.0 8.62851
 1.0 9.10788
 1.0 7.87389
 3.0 6.58906
 2.0 5.20855
 2.0 5.77517
 3.0 6.76223
 1.0 5.56543
 1.0 6.28434
 1.0 6.28612
 3.0 4.57346
 1.0 7.6698
 1.0 8.01202
 1.0 8.25252
 1.0 7.61628
 1.0 6.09029
 1.0 5.76213
 1.0 6.57467
 1.0 8.00855
 1.0 8.24613
 1.0 7.61265
 1.0 5.76265
 1.0 7.46637
 1.0 6.75813
 1.0 7.87318
 1.0 8.39978
 1.0 9.64769
 1.0 10.6755
 1.0 11.9455
 1.0 11.78205
 1.0 9.44455
 1.0 8.97975
 1.0 10.0787
 1.0 10.2693
 2.0 9.10757
 1.0 8.97943
 1.0 8.02038
 2.0 8.25929
 2.0 5.21014
 2.0 6.59117
 2.0 7.62653
 1.0 7.87599
 1.0 6.76141
 1.0 7.46933
 2.0 8.02143
 1.0 5.56893
 1.0 6.7647
 1.0 5.77421
 1.0 6.10126
 1.0 8.01376
 1.0 8.24848
 1.0 8.75251
 1.0 8.2505
 1.0 6.75356
 1.0 6.57891
 1.0 7.19381
 1.0 8.61427
 1.0 8.7468
 1.0 8.24716
 1.0 6.75029
 1.0 7.19616
 1.0 7.46376
 1.0 8.3948
 1.0 7.87107
 1.0 9.10635
 1.0 9.64625
 1.0 10.9649
 1.0 11.94387
 1.0 13.26809
 1.0 13.18025
 1.0 12.29895
 1.0 10.85819
 1.0 10.38179
 1.0 11.41383
 1.0 10.26794
 1.0 10.07786
 1.0 8.97788
 1.0 8.98005
 1.0 7.47193
 3.0 8.0242
 1.0 8.98066
 2.0 9.10817
 1.0 7.87317
 1.0 8.39644
 1.0 8.02074
 1.0 6.76306
 1.0 7.876
 1.0 7.62581
 1.0 8.05981
 1.0 8.00751
 1.0 8.6162
 1.0 8.0103
 1.0 6.57849
 1.0 6.27769
 1.0 6.57427
 1.0 8.00683
 1.0 8.24345
 1.0 8.00754
 1.0 6.57513
 1.0 6.7532
 1.0 7.46004
 1.0 8.01452
 1.0 8.9745
 2.0 8.39481
 1.0 9.64308
 1.0 10.38127
 1.0 11.68306
 1.0 12.5441
 1.0 13.86667
 1.0 13.72632
 1.0 12.94308
 1.0 11.51587
 2.0 10.85538
 1.0 11.78017
 1.0 11.94341
 1.0 10.67368
 2.0 10.26659
 1.0 9.10451
 1.0 8.97633
 1.0 8.75954
 1.0 8.62914
 1.0 9.44247
 1.0 9.64421
 1.0 8.39579
 2.0 8.97479
 1.0 9.76278
 1.0 8.39878
 1.0 7.46972
 1.0 7.87388
 1.0 6.76018
 1.0 6.5857
 1.0 6.28567
 1.0 4.97832
 1.0 6.75111
 1.0 7.1942
 1.0 6.57595
 1.0 5.19732
 1.0 4.97049
 1.0 5.19465
 1.0 6.57385
 1.0 6.74576
 1.0 6.57344
 1.0 5.19414
 1.0 5.55796
 1.0 6.27552
 1.0 7.0357
 1.0 8.01522
 1.0 7.46527
 1.0 8.75671
 1.0 9.64367
 1.0 10.96161
 1.0 11.67734
 1.0 13.02782
 1.0 12.93857
 1.0 12.29534
 1.0 10.85487
 1.0 10.07539
 1.0 10.85308
 1.0 10.95932
 1.0 9.64106
 1.0 9.10391
 1.0 7.86965
 1.0 7.62034
 1.0 8.62463
 1.0 8.75669
 1.0 7.46488
 1.0 8.01416
 2.0 8.97387
 1.0 7.87178
 1.0 7.46712
 1.0 5.56295
 2.0 5.20322
 1.0 4.31134
 3.0 3.83744
 1.0 5.82839
 1.0 5.75924
 1.0 6.57763
 1.0 6.27767
 1.0 4.97159
 1.0 5.20266
 1.0 5.55991
 1.0 6.75275
 1.0 6.57511
 1.0 6.27504
 1.0 4.96938
 1.0 5.20056
 1.0 5.55695
 2.0 6.27995
 1.0 7.46526
 1.0 7.20236
 1.0 8.624
 1.0 9.44102
 1.0 11.51056
 1.0 12.93856
 1.0 13.02867
 1.0 12.45227
 2.0 10.9616
 1.0 10.96059
 1.0 10.85333
 1.0 9.43866
 1.0 8.97665
 1.0 7.62108
 1.0 6.58907
 1.0 8.75859
 1.0 8.6227
 1.0 7.2008
 1.0 7.46302
 1.0 8.39282
 1.0 7.86967
 1.0 7.62109
 2.0 6.58402
 1.0 7.20235
 2.0 5.20535
 1.0 4.31006
 2.0 4.98165
 1.0 3.83961
 1.0 4.56005
 1.0 4.29649
 1.0 5.19517
 1.0 4.96935
 1.0 3.82874
 1.0 4.30941
 1.0 4.5698
 1.0 5.55992
 1.0 5.19519
 1.0 4.96714
 1.0 3.82733
 1.0 4.30558
 1.0 4.56254
 1.0 5.55997
 1.0 6.75568
 1.0 6.58319
 1.0 8.01694
 1.0 8.97605
 1.0 10.37831
 1.0 10.84923
 1.0 12.29035
 1.0 12.4478
 1.0 12.03819
 1.0 10.56297
 1.0 9.76136
 2.0 10.26442
 1.0 10.0729
 1.0 8.62077
 1.0 8.01658
 1.0 6.58232
 1.0 6.28347
 1.0 6.09762
 1.0 5.7718
 1.0 6.58569
 1.0 8.01899
 1.0 8.25492
 1.0 8.01415
 1.0 6.57979
 1.0 6.75156
 1.0 7.86543
 1.0 7.61672
 1.0 7.46415
 1.0 6.58065
 1.0 5.76508
 1.0 4.30748
 1.0 3.8331
 1.0 4.97942
 4.0 5.2096
 1.0 4.31584
 1.0 3.92349
 1.0 3.82511
 1.0 5.20265
 1.0 4.3094
 1.0 5.56941
 1.0 6.28521
 1.0 5.56092
 1.0 5.20054
 1.0 4.57165
 1.0 4.30364
 1.0 5.20165
 1.0 6.58276
 1.0 6.75938
 1.0 8.25663
 1.0 9.10545
 4.0 10.56403
 1.0 10.95653
 1.0 12.44758
 1.0 12.7865
 1.0 12.45026
 1.0 10.95957
 1.0 10.2655
 1.0 10.6729
 1.0 8.75574
 1.0 8.25662
 1.0 6.75895
 1.0 7.20967
 1.0 6.5916
 1.0 6.76264
 1.0 7.20426
 1.0 8.62462
 1.0 8.75668
 1.0 8.25257
 1.0 6.75484
 1.0 6.57727
 1.0 7.61453
 1.0 7.46192
 1.0 7.61818
 1.0 6.5815
 1.0 6.75485
 1.0 6.09217
 1.0 4.97831
 1.0 6.28831
 1.0 6.59074
 2.0 4.3152
 1.0 3.8309
 1.0 4.30938
 1.0 5.20531
 1.0 5.56688
 1.0 4.5734
 1.0 5.56938
 1.0 6.28917
 1.0 7.04352
 1.0 6.28431
 1.0 5.5639
 1.0 4.57343
 1.0 3.83021
 1.0 4.30686
 2.0 5.76893
 1.0 6.09763
 2.0 7.62363
 1.0 8.25831
 1.0 9.76449
 1.0 10.26469
 1.0 11.7778
 2.0 12.19889
 1.0 11.77945
 1.0 10.26658
 2.0 9.76363
 1.0 10.26767
 3.0 8.25729
 1.0 8.02178
 1.0 7.47677
 1.0 6.76799
 1.0 6.58611
 2.0 8.01934
 2.0 8.25694
 1.0 7.61998
 1.0 5.7646
 1.0 6.57981
 1.0 6.27908
 1.0 6.58235
 1.0 5.7675
 1.0 4.57284
 1.0 5.56842
 1.0 6.59032
 1.0 6.76469
 1.0 6.10308
 3.0 4.57708
 2.0 4.31327
 1.0 5.27801
 1.0 5.76886
 1.0 6.58563
 1.0 6.76012
 1.0 5.56487
 1.0 6.28518
 1.0 7.04035
 2.0 8.01757
 1.0 7.46482
 1.0 6.75685
 1.0 5.56389
 1.0 5.20533
 1.0 4.97383
 1.0 5.20428
 1.0 8.25997
 2.0 8.76209
 1.0 10.27064
 1.0 10.96184
 1.0 12.45315
 1.0 12.79127
 2.0 12.20253
 1.0 10.67654
 2.0 10.26875
 1.0 10.96362
 2.0 10.56718
 1.0 8.98128
 1.0 7.87881
 1.0 8.40437
 1.0 7.47528
 1.0 7.20927
 1.0 6.5899
 1.0 6.76222
 1.0 8.25963
 1.0 8.76048
 1.0 8.25795
 1.0 6.76017
 1.0 7.20312
 1.0 6.58487
 1.0 6.76101
 2.0 6.58738
 1.0 5.20641
 1.0 5.56741
 1.0 6.28787
 1.0 5.56791
 1.0 6.76386
 2.0 6.58947
 1.0 5.77468
 1.0 4.31391
 1.0 6.28075
 1.0 6.58141
 1.0 7.61992
 1.0 7.871
 1.0 6.7589
 1.0 7.46855
 1.0 8.97412
 1.0 8.39144
 1.0 7.8682
 1.0 6.7581
 2.0 6.58568
 1.0 6.28124
 1.0 6.58485
 1.0 8.25897
 2.0 9.7659
 1.0 10.27037
 1.0 11.78346
 1.0 12.45225
 2.0 13.95116
 1.0 14.30825
 1.0 13.72853
 1.0 11.78133
 1.0 12.45382
 1.0 12.04187
 1.0 10.56612
 1.0 10.38231
 1.0 8.97973
 1.0 9.10999
 1.0 9.64939
 1.0 8.76429
 1.0 8.62913
 1.0 8.02315
 1.0 8.25996
 1.0 9.76617
 1.0 10.26846
 1.0 9.76361
 1.0 8.01692
 1.0 8.62334
 1.0 8.01867
 1.0 8.25865
 1.0 8.25762
 1.0 6.58526
 1.0 6.75975
 1.0 7.46969
 1.0 6.76181
 1.0 7.87598
 1.0 7.62652
 1.0 6.59031
 1.0 6.3359
 1.0 6.27324
 1.0 7.61592
 1.0 7.2027
 1.0 8.39046
 1.0 7.86255
 1.0 7.61376
 2.0 6.58062
 1.0 6.75731
 1.0 6.57895
 1.0 7.20043
 2.0 8.62206
 1.0 8.75733
 1.0 10.26604
 1.0 12.45248
 1.0 13.02673
 2.0 14.51932
 1.0 14.81072
 1.0 14.30669
 1.0 12.78953
 1.0 12.78823
 1.0 12.44958
 1.0 10.95829
 1.0 10.56296
 1.0 9.10359
 1.0 9.44217
 1.0 8.75985
 1.0 8.75952
 1.0 10.26764
 1.0 10.67287
 1.0 10.26332
 1.0 8.75446
 1.0 8.61818
 1.0 9.43512
 1.0 9.10452
 1.0 8.25527
 1.0 8.25324
 1.0 6.75524
 1.0 7.20155
 1.0 6.58483
 1.0 7.62396
 1.0 7.47191
 1.0 6.28918
 2.0 4.98052
 1.0 5.5709
 1.0 3.83889
 1.0 6.74862
 1.0 6.57129
 1.0 7.61118
 1.0 7.4585
 1.0 6.27724
 1.0 6.58103
 1.0 6.75194
 1.0 7.86185
 1.0 7.60828
 1.0 7.45629
 1.0 6.2755
 1.0 6.58022
 1.0 6.75115
 1.0 7.4634
 1.0 8.75479
 1.0 10.07428
 1.0 10.85435
 1.0 12.29532
 1.0 12.93662
 1.0 14.38475
 1.0 13.94957
 1.0 12.45136
 1.0 11.77779
 1.0 12.44936
 1.0 12.29215
 1.0 10.85075
 1.0 10.37642
 1.0 8.97323
 1.0 8.75541
 2.0 8.97664
 1.0 8.25727
 1.0 7.62361
 1.0 8.25828
 1.0 9.76446
 1.0 10.26521
 1.0 10.0726
 1.0 8.62011
 1.0 8.75192
 1.0 9.63874
 2.0 9.10299
 1.0 8.97603
 1.0 8.01693
 1.0 8.62141
 1.0 8.01484
 1.0 6.58063
 1.0 6.2786
 1.0 6.58189
 1.0 5.76794
 1.0 6.58609
 1.0 6.28741
 1.0 3.83598
 1.0 4.31326
 1.0 4.57707
 1.0 3.52413
 1.0 2.92158
 1.0 1.52417
 1.0 8.05842
 1.0 8.00647
 1.0 8.96792
 1.0 8.74997
 1.0 7.6174
 1.0 7.86327
 1.0 9.09441
 1.0 8.9633
 1.0 8.74746
 1.0 7.45965
 1.0 7.6178
 1.0 7.86541
 1.0 8.39381
 1.0 9.6422
 2.0 9.43983
 1.0 10.85511
 1.0 11.51635
 1.0 12.94435
 1.0 13.72569
 1.0 15.1503
 1.0 15.22715
 1.0 14.52545
 1.0 13.03335
 1.0 12.45316
 1.0 13.26682
 2.0 13.17855
 1.0 11.77921
 1.0 11.41138
 1.0 10.07482
 1.0 9.95885
 1.0 10.07703
 1.0 8.97881
 1.0 9.10816
 1.0 8.26064
 1.0 8.7627
 1.0 10.27116
 1.0 10.96284
 1.0 10.85458
 1.0 9.43922
 1.0 9.64074
 1.0 10.37883
 1.0 9.64479
 1.0 9.44336
 1.0 8.62656
 1.0 9.441
 1.0 7.6207
 1.0 7.46524
 1.0 7.62106
 1.0 7.20618
 1.0 6.58989
 1.0 5.20907
 1.0 4.31262
 1.0 4.31713
 1.0 2.92348
 3.0 4.57649
 1.0 9.09499
 1.0 8.96233
 1.0 10.06483
 1.0 9.94988
 1.0 8.75126
 1.0 8.97167
 1.0 9.09564
 1.0 10.25382
 1.0 10.06044
 1.0 9.94768
 1.0 8.74938
 1.0 8.97232
 1.0 9.0981
 1.0 9.64019
 1.0 10.95931
 1.0 10.85358
 1.0 12.29554
 2.0 12.94371
 1.0 14.39191
 1.0 15.14901
 1.0 16.59177
 1.0 16.70858
 1.0 16.02393
 1.0 14.52544
 1.0 13.95117
 1.0 14.73435
 1.0 14.60176
 1.0 13.17686
 1.0 12.78822
 1.0 11.40893
 1.0 11.23743
 1.0 11.41088
 1.0 10.3799
 1.0 10.56611
 1.0 9.76646
 1.0 10.27089
 1.0 11.78391
 1.0 12.45313
 1.0 12.29462
 1.0 10.85253
 1.0 10.95726
 1.0 11.67922
 1.0 10.96235
 1.0 10.85767
 1.0 10.07785
 1.0 10.85407
 1.0 10.37748
 1.0 8.97385
 1.0 8.75318
 1.0 8.97384
 1.0 8.01795
 1.0 8.62589
 1.0 8.02314
 1.0 5.77324
 1.0 6.10307
 1.0 3.84034
 1.0 4.31456
 1.0 10.40769
 1.0 10.36591
 1.0 11.40181
 1.0 11.23121
 1.0 9.95324
 1.0 10.07039
 1.0 10.25573
 1.0 11.49989
 1.0 11.39624
 1.0 11.22876
 1.0 9.95104
 1.0 10.07179
 1.0 10.26008
 1.0 10.67211
 1.0 11.94317
 1.0 11.78039
 1.0 13.18066
 1.0 13.73157
 1.0 15.15636
 1.0 16.02306
 1.0 17.43859
 1.0 17.5054
 2.0 16.71441
 1.0 15.23244
 1.0 14.73794
 1.0 15.63106
 1.0 15.55621
 1.0 14.17207
 1.0 13.86705
 2.0 12.54407
 1.0 12.45023
 1.0 12.54518
 1.0 11.41308
 1.0 11.51633
 1.0 10.56927
 1.0 10.96741
 1.0 12.45872
 1.0 13.27015
 1.0 13.18064
 1.0 11.78037
 1.0 11.94221
 1.0 12.54695
 1.0 11.68493
 1.0 11.51972
 1.0 10.85894
 1.0 11.78226
 1.0 11.41234
 1.0 9.95661
 1.0 10.07453
 1.0 8.97756
 1.0 9.44275
 1.0 8.62977
 1.0 7.20811
 1.0 6.76757
 1.0 4.31586
 1.0 5.21068
 1.0 6.58949
 3.0 5.57043
 1.0 11.50251
 1.0 11.39645
 1.0 12.53338
 1.0 12.44127
 1.0 11.23295
 1.0 11.40551
 1.0 11.50159
 1.0 12.68413
 1.0 12.52809
 1.0 12.43906
 1.0 11.231
 1.0 11.407
 1.0 11.50595
 1.0 11.94061
 1.0 13.26577
 1.0 14.60424
 1.0 15.15508
 1.0 16.59798
 1.0 17.43684
 1.0 18.86973
 1.0 18.97252
 1.0 18.20318
 1.0 16.7139
 1.0 16.21628
 1.0 17.07716
 1.0 16.9629
 1.0 15.55424
 1.0 15.22567
 2.0 13.86443
 1.0 13.72284
 1.0 13.86544
 1.0 12.79018
 1.0 12.94283
 1.0 12.04417
 1.0 12.45782
 1.0 13.95673
 1.0 14.73772
 1.0 14.60384
 1.0 13.17811
 1.0 13.26428
 2.0 13.86784
 1.0 13.03441
 1.0 12.94692
 1.0 12.29915
 2.0 13.1798
 1.0 12.78908
 1.0 11.40917
 1.0 11.2352
 1.0 11.40844
 1.0 10.37881
 1.0 10.85585
 1.0 10.08087
 1.0 8.62848
 1.0 8.02245
 1.0 8.26468
 1.0 7.63273
 1.0 5.7771
 1.0 6.76553
 1.0 12.81078
 1.0 12.77555
 1.0 13.85616
 1.0 13.71612
 1.0 12.44463
 1.0 12.53853
 1.0 12.68633
 1.0 13.93559
 1.0 13.84998
 1.0 13.71372
 1.0 12.44242
 1.0 12.54054
 1.0 12.69204
 1.0 13.02866
 1.0 14.30805
 1.0 14.17247
 1.0 15.55764
 1.0 16.0281
 1.0 17.44386
 1.0 18.37106
 1.0 19.77603
 1.0 19.83497
 1.0 18.9781
 1.0 17.51001
 1.0 17.08059
 1.0 18.02958
 1.0 17.96472
 2.0 16.59395
 1.0 16.33354
 1.0 15.02064
 1.0 14.94162
 1.0 15.02101
 1.0 13.86765
 1.0 13.95374
 1.0 12.94584
 1.0 13.27393
 1.0 14.74301
 1.0 15.63406
 1.0 15.55798
 1.0 14.17283
 1.0 14.30744
 1.0 14.81708
 1.0 13.87326
 1.0 13.7348
 1.0 13.18445
 1.0 14.1748
 1.0 12.448
 1.0 12.54296
 1.0 11.41209
 1.0 11.78202
 1.0 10.8597
 1.0 9.44423
 1.0 8.98097
 1.0 9.11396
 1.0 8.26805
 1.0 6.77004
 2.0 6.59244
 2.0 7.628
 1.0 8.7624
 1.0 8.98036
 1.0 9.11062
 1.0 7.87812
 1.0 6.76471
 1.0 6.59076
 5.0 6.29053
 1.0 13.93954
 1.0 13.85094
 1.0 15.00948
 1.0 14.93265
 1.0 13.71817
 1.0 13.85982
 1.0 13.9376
 1.0 15.13431
 1.0 15.00359
 1.0 14.93045
 1.0 13.71617
 1.0 13.86185
 1.0 13.94319
 1.0 14.30514
 1.0 15.6291
 1.0 15.55514
 1.0 16.96471
 1.0 17.44211
 1.0 18.8752
 1.0 19.77392
 1.0 21.19577
 1.0 21.28733
 1.0 20.45384
 1.0 18.97721
 1.0 18.53954
 1.0 19.45693
 1.0 19.35672
 1.0 17.96255
 1.0 17.67817
 1.0 16.33081
 1.0 16.21009
 1.0 16.33116
 1.0 15.22659
 1.0 15.35595
 1.0 14.39286
 1.0 14.74169
 1.0 16.22141
 1.0 17.08024
 1.0 16.96468
 1.0 15.55512
 1.0 15.62801
 1.0 16.14447
 1.0 15.23261
 1.0 15.15819
 1.0 14.60785
 1.0 15.55691
 1.0 15.22639
 1.0 13.72061
 1.0 13.86323
 1.0 12.7893
 1.0 12.30005
 1.0 10.85791
 1.0 10.38284
 1.0 10.57243
 1.0 9.77415
 1.0 8.26738
 1.0 8.02593
 1.0 8.98252
 1.0 8.76303
 1.0 9.96333
 1.0 10.07869
 2.0 10.27119
 1.0 9.11123
 4.0 7.47417
 1.0 15.24224
 1.0 15.21155
 1.0 16.32173
 1.0 16.20302
 1.0 14.93602
 1.0 15.01435
 1.0 15.13671
 1.0 16.38804
 1.0 16.31513
 1.0 16.20065
 1.0 14.93381
 1.0 15.01677
 1.0 15.14333
 1.0 15.42764
 1.0 16.70975
 1.0 16.5938
 1.0 17.96566
 1.0 18.37547
 1.0 19.78069
 1.0 20.75254
 1.0 22.14706
 1.0 22.19971
 1.0 21.2927
 1.0 19.83904
 1.0 19.46022
 1.0 20.45031
 1.0 20.39316
 1.0 19.03379
 1.0 18.8066
 1.0 17.50141
 2.0 17.433
 1.0 17.50126
 2.0 16.33338
 2.0 16.40738
 1.0 15.35885
 1.0 15.63727
 1.0 17.08529
 1.0 18.03233
 1.0 17.96625
 1.0 16.59444
 1.0 16.70939
 1.0 17.14876
 1.0 16.14965
 1.0 16.03121
 1.0 15.56139
 1.0 16.59646
 1.0 16.33421
 1.0 15.02045
 3.0 14.93938
 1.0 15.01897
 1.0 13.86684
 1.0 14.17323
 1.0 13.1836
 1.0 11.78321
 1.0 11.41527
 1.0 11.5214
 1.0 10.5756
 1.0 9.11581
 2.0 8.98376
 1.0 10.08144
 1.0 9.96445
 1.0 11.24387
 1.0 11.41431
 1.0 11.51756
 2.0 10.272
 1.0 9.11032
 1.0 8.98191
 3.0 8.7643
 1.0 16.39291
 1.0 16.31662
 1.0 17.48992
 1.0 17.42404
 1.0 16.20527
 1.0 16.32537
 1.0 16.39026
 1.0 17.59607
 1.0 17.48361
 1.0 17.42184
 1.0 16.20324
 1.0 16.32777
 1.0 16.39671
 1.0 16.70659
 1.0 18.02695
 1.0 17.96287
 1.0 19.35802
 1.0 19.77858
 1.0 21.20064
 1.0 22.14468
 1.0 23.55565
 1.0 23.63807
 1.0 22.75473
 1.0 21.29152
 1.0 20.90156
 1.0 21.86158
 1.0 21.77244
 1.0 20.39083
 1.0 20.14022
 1.0 18.80378
 1.0 18.69844
 1.0 18.80364
 1.0 17.67834
 1.0 17.79065
 1.0 16.78275
 1.0 17.08367
 1.0 18.54432
 1.0 19.45977
 1.0 19.35828
 1.0 17.96316
 1.0 18.02615
 1.0 18.4766
 1.0 17.50952
 1.0 17.44513
 1.0 16.9683
 1.0 17.96502
 1.0 17.67879
 1.0 16.33064
 1.0 16.20786
 1.0 16.32911
 1.0 15.22585
 1.0 15.55566
 1.0 14.60728
 1.0 13.1815
 1.0 12.793
 1.0 12.94842
 1.0 12.05088
 1.0 10.57455
 1.0 10.38606
 1.0 11.41674
 1.0 11.24462
 1.0 12.45472
 1.0 12.54697
 1.0 12.70256
 1.0 11.51828
 2.0 10.08062
 2.0 9.96556
 1.0 17.69039
 1.0 17.66301
 1.0 18.79412
 1.0 18.69112
 1.0 17.42741
 1.0 17.49459
 1.0 17.59861
 1.0 18.85071
 1.0 18.78721
 1.0 18.68877
 1.0 17.4252
 1.0 17.49731
 1.0 17.60588
 1.0 17.85195
 1.0 19.13439
 1.0 19.03322
 1.0 20.39371
 1.0 20.75644
 1.0 22.15122
 1.0 23.15715
 1.0 24.54195
 1.0 24.58947
 1.0 23.64326
 1.0 22.20335
 1.0 21.86477
 1.0 22.88622
 1.0 22.83516
 1.0 21.48546
 1.0 21.28393
 1.0 19.98483
 1.0 19.92439
 1.0 19.98428
 1.0 18.80587
 1.0 18.87092
 1.0 17.79347
 1.0 18.03512
 1.0 19.46464
 1.0 20.45288
 1.0 20.3945
 1.0 19.03407
 1.0 19.13421
 1.0 19.51994
 1.0 18.48158
 1.0 18.37848
 1.0 17.96936
 1.0 19.03612
 1.0 18.80718
 1.0 17.5011
 1.0 17.43077
 1.0 17.49935
 1.0 16.33269
 1.0 15.55943
 1.0 14.17423
 1.0 13.86986
 1.0 13.95834
 1.0 12.95144
 1.0 11.52286
 2.0 11.41796
 2.0 12.54985
 1.0 12.45584
 1.0 13.72894
 1.0 13.86867
 1.0 13.95417
 1.0 12.70344
 2.0 11.51732
 3.0 11.41601
 2.0 11.24585
 1.0 18.01485
 1.0 17.94422
 1.0 19.01809
 1.0 18.79281
 1.0 17.4925
 1.0 17.42631
 1.0 17.48601
 1.0 18.78677
 1.0 18.84702
 1.0 18.79047
 1.0 17.48999
 1.0 17.60621
 1.0 17.84509
 1.0 18.131
 1.0 19.355
 1.0 19.13367
 1.0 20.44964
 1.0 20.84886
 1.0 22.20298
 1.0 23.24002
 1.0 24.58867
 1.0 24.5414
 1.0 23.56051
 1.0 22.15035
 1.0 21.77514
 1.0 22.83443
 1.0 22.88524
 1.0 21.57463
 1.0 21.3374
 1.0 20.08038
 1.0 19.98121
 1.0 19.9244
 2.0 18.70098
 1.0 18.80808
 1.0 17.68321
 1.0 17.96998
 1.0 19.36433
 1.0 20.39533
 1.0 20.45097
 1.0 19.13495
 1.0 19.35526
 1.0 19.77616
 1.0 18.71064
 1.0 18.48324
 1.0 18.03342
 1.0 19.13728
 1.0 18.8684
 1.0 17.61092
 1.0 17.49665
 1.0 17.43189
 1.0 16.21267
 1.0 16.33388
 1.0 15.23097
 1.0 13.86886
 1.0 13.72832
 1.0 13.87387
 1.0 12.79997
 1.0 11.42064
 1.0 12.45583
 1.0 12.54808
 1.0 13.86866
 1.0 14.17227
 1.0 14.3102
 1.0 13.034
 1.0 11.9462
 1.0 11.78298
 2.0 11.416
 2.0 10.08061
 4.0 8.9819
 1.0 7.62726
 1.0 19.364
 1.0 19.33783
 1.0 20.37686
 1.0 20.12803
 1.0 18.79623
 1.0 18.69295
 1.0 18.7893
 1.0 20.12156
 1.0 20.21632
 1.0 20.12557
 1.0 18.79359
 1.0 18.86121
 1.0 19.12509
 1.0 19.35257
 1.0 20.54208
 1.0 20.29539
 1.0 21.57696
 1.0 21.92075
 1.0 23.24626
 1.0 24.33459
 1.0 25.65635
 1.0 25.58067
 1.0 24.54651
 1.0 23.16257
 1.0 22.83761
 1.0 23.9472
 1.0 24.02804
 1.0 22.74886
 1.0 22.55812
 2.0 21.33635
 1.0 21.27922
 1.0 21.18922
 2.0 19.92663
 1.0 19.98887
 1.0 18.81089
 1.0 19.04051
 1.0 20.40011
 1.0 21.48985
 1.0 21.57873
 1.0 20.29714
 1.0 20.54286
 1.0 20.90327
 1.0 19.78081
 1.0 19.52622
 1.0 19.14121
 1.0 20.29961
 1.0 20.08467
 1.0 18.86664
 1.0 18.80097
 1.0 18.69933
 2.0 17.43524
 1.0 17.5038
 2.0 16.33746
 1.0 15.02361
 1.0 14.9461
 1.0 15.0288
 1.0 13.87669
 1.0 12.55362
 1.0 12.45695
 1.0 13.72995
 1.0 13.86967
 1.0 15.22861
 1.0 15.55551
 1.0 15.63179
 1.0 14.31079
 1.0 13.26914
 2.0 13.18151
 2.0 12.7941
 1.0 10.38418
 1.0 20.43447
 1.0 20.3714
 1.0 21.46896
 1.0 21.26965
 1.0 19.97564
 1.0 19.9177
 1.0 19.96898
 1.0 21.26341
 1.0 21.31652
 1.0 21.26733
 1.0 19.97316
 1.0 20.07584
 1.0 20.28552
 1.0 20.53829
 1.0 21.77002
 1.0 21.57348
 1.0 22.88525
 1.0 23.24339
 1.0 24.59231
 1.0 25.65332
 1.0 26.99678
 1.0 26.95373
 1.0 25.94477
 1.0 24.54481
 1.0 24.20605
 1.0 25.28603
 1.0 25.33192
 1.0 24.02526
 1.0 23.81198
 1.0 22.55491
 1.0 22.46617
 1.0 22.41578
 1.0 21.19001
 1.0 21.28524
 1.0 20.14492
 2.0 20.39779
 1.0 21.77959
 1.0 22.83709
 1.0 22.88668
 1.0 21.57487
 1.0 21.77037
 1.0 22.14618
 1.0 21.0536
 1.0 20.85204
 1.0 20.4537
 1.0 21.57719
 1.0 21.33843
 1.0 20.08052
 1.0 19.97968
 1.0 19.92328
 1.0 18.80645
 1.0 17.68274
 1.0 16.33458
 1.0 16.21542
 1.0 16.33968
 1.0 15.23628
 1.0 13.87509
 1.0 13.73097
 1.0 14.94722
 1.0 15.02399
 1.0 16.33424
 1.0 16.59263
 1.0 16.71093
 1.0 15.43234
 1.0 14.30982
 1.0 14.17384
 2.0 13.87047
 1.0 12.54896
 1.0 21.77622
 1.0 21.75219
 1.0 22.8178
 1.0 22.59586
 1.0 21.27307
 1.0 21.18187
 1.0 21.26603
 1.0 22.58924
 1.0 22.67357
 1.0 22.59344
 1.0 21.27048
 1.0 21.33103
 1.0 21.56458
 1.0 21.76735
 1.0 22.96741
 2.0 22.74704
 1.0 24.02747
 1.0 24.33736
 1.0 25.65941
 1.0 26.76516
 1.0 28.08343
 1.0 28.0143
 1.0 26.9587
 1.0 25.58362
 1.0 25.28912
 1.0 26.41302
 1.0 26.48633
 1.0 25.20845
 1.0 25.03601
 1.0 23.81069
 1.0 23.75905
 1.0 23.67859
 1.0 22.41802
 1.0 22.47398
 1.0 21.28799
 1.0 21.49181
 1.0 22.84173
 1.0 23.94962
 1.0 24.02929
 1.0 22.74884
 1.0 22.96822
 1.0 23.29185
 1.0 22.15071
 1.0 21.92391
 1.0 21.58107
 1.0 22.75129
 1.0 22.5591
 1.0 21.27766
 1.0 21.18816
 1.0 19.98692
 1.0 18.81001
 1.0 17.50397
 1.0 17.43749
 1.0 17.50922
 1.0 16.34241
 1.0 15.02955
 1.0 14.94834
 1.0 16.21697
 1.0 16.33527
 1.0 17.68008
 1.0 17.96227
 1.0 18.02867
 1.0 16.7116
 1.0 15.63126
 1.0 15.55694
 1.0 15.23025
 1.0 10.38419
 1.0 21.75897
 1.0 21.8418
 1.0 22.8695
 1.0 22.68201
 1.0 21.32761
 1.0 21.27283
 1.0 21.46539
 1.0 22.81151
 1.0 22.86127
 1.0 22.67935
 1.0 21.32502
 1.0 21.27625
 1.0 21.47447
 1.0 21.57039
 1.0 22.55888
 1.0 23.81714
 1.0 24.03303
 1.0 25.34061
 1.0 26.48937
 1.0 27.79305
 1.0 27.75113
 1.0 26.65565
 1.0 25.29451
 1.0 25.0896
 1.0 26.2519
 1.0 26.29621
 1.0 25.03947
 1.0 24.95933
 1.0 23.76257
 1.0 23.80883
 1.0 23.76105
 1.0 22.47027
 1.0 22.42249
 1.0 21.19671
 1.0 21.2923
 1.0 22.62002
 1.0 23.77134
 1.0 23.81921
 1.0 22.56107
 1.0 22.74835
 1.0 22.97392
 1.0 21.78023
 1.0 21.58546
 1.0 21.34652
 1.0 22.56354
 1.0 22.4736
 1.0 21.2821
 1.0 21.3327
 1.0 21.27988
 1.0 19.98498
 1.0 20.08371
 1.0 18.87137
 1.0 17.61378
 1.0 17.5035
 1.0 17.44196
 1.0 16.2223
 1.0 14.95058
 1.0 15.02474
 1.0 16.33509
 1.0 16.40521
 1.0 17.78849
 1.0 18.0259
 1.0 17.9629
 1.0 16.59399
 2.0 15.55535
 1.0 15.63036
 1.0 15.35597
 1.0 13.95296
 1.0 11.51634
 1.0 10.56823
 1.0 9.10939
 1.0 20.75571
 1.0 20.87979
 1.0 21.84625
 1.0 21.61382
 1.0 20.22595
 1.0 20.12945
 1.0 20.37118
 1.0 21.74967
 1.0 21.83763
 1.0 21.61102
 1.0 20.22322
 1.0 20.13306
 1.0 20.38075
 1.0 20.44366
 1.0 21.57386
 1.0 21.33898
 1.0 22.56208
 1.0 22.7556
 1.0 24.0358
 1.0 25.21363
 1.0 26.4922
 1.0 26.4188
 1.0 25.29605
 1.0 23.95487
 1.0 23.77125
 1.0 24.96402
 1.0 25.04169
 1.0 23.81654
 1.0 23.76503
 1.0 22.60807
 1.0 22.69099
 1.0 22.60636
 1.0 21.28185
 1.0 21.19473
 1.0 19.93222
 1.0 19.995
 1.0 21.29426
 1.0 22.47929
 1.0 22.56452
 1.0 21.34156
 1.0 21.57563
 1.0 21.77753
 1.0 20.55181
 1.0 20.30689
 1.0 20.0916
 1.0 21.34416
 1.0 21.28575
 1.0 20.13966
 1.0 20.23173
 1.0 20.13731
 1.0 18.80468
 1.0 18.86826
 1.0 17.61599
 1.0 16.40418
 1.0 16.21937
 1.0 14.95169
 1.0 13.73199
 2.0 13.86887
 1.0 15.22788
 2.0 15.3538
 1.0 16.77764
 1.0 17.07474
 1.0 16.96244
 1.0 14.60255
 1.0 14.73511
 1.0 14.38978
 1.0 12.9422
 1.0 12.04211
 1.0 10.56665
 1.0 8.25964
 1.0 19.3443
 1.0 19.43799
 1.0 20.43433
 1.0 20.22428
 1.0 18.85763
 2.0 18.79566
 1.0 19.01406
 1.0 20.37008
 1.0 20.42593
 1.0 20.22156
 1.0 18.855
 1.0 18.79922
 1.0 19.02342
 1.0 19.13105
 1.0 20.2958
 1.0 20.0847
 1.0 21.34301
 1.0 21.58315
 1.0 22.89473
 1.0 24.03162
 1.0 25.33894
 1.0 25.29295
 1.0 24.2142
 1.0 22.84369
 1.0 22.61708
 1.0 23.76984
 1.0 23.81876
 1.0 22.56183
 1.0 22.47311
 1.0 21.28262
 1.0 21.33452
 1.0 21.28106
 1.0 19.98526
 1.0 19.9311
 1.0 18.70782
 1.0 18.81562
 1.0 20.15223
 1.0 21.2915
 1.0 21.34507
 1.0 20.08688
 1.0 20.29713
 1.0 20.54909
 1.0 19.3659
 1.0 19.1463
 1.0 18.87695
 1.0 20.08938
 1.0 19.98872
 1.0 18.80526
 1.0 18.86295
 1.0 18.8029
 1.0 17.50174
 1.0 17.61408
 1.0 16.40807
 1.0 15.15123
 1.0 15.02288
 1.0 14.95057
 1.0 13.73543
 1.0 12.4592
 1.0 12.54831
 1.0 13.95158
 1.0 15.62841
 1.0 15.5557
 1.0 14.17327
 1.0 13.17941
 1.0 13.26746
 1.0 12.94285
 2.0 11.51562
 1.0 8.25998
 1.0 6.76265
 1.0 19.366
 1.0 19.33955
 1.0 20.37876
 1.0 20.12996
 1.0 18.7983
 1.0 18.69503
 1.0 18.79107
 1.0 20.12322
 1.0 20.21797
 1.0 20.1275
 1.0 18.86356
 1.0 19.12741
 1.0 19.35515
 1.0 20.54478
 1.0 20.29813
 1.0 21.57979
 1.0 21.92379
 1.0 23.24937
 1.0 24.33756
 1.0 25.65938
 1.0 25.58371
 1.0 24.54967
 1.0 23.16569
 1.0 22.84053
 1.0 23.94998
 1.0 24.03081
 1.0 22.75154
 1.0 22.56058
 1.0 21.33869
 1.0 21.28131
 1.0 21.19131
 1.0 19.92887
 1.0 19.99137
 1.0 18.81355
 1.0 19.04343
 1.0 20.4031
 1.0 21.4927
 1.0 21.58156
 1.0 20.29988
 1.0 20.54556
 1.0 20.90619
 1.0 19.7839
 1.0 19.52935
 1.0 19.14411
 1.0 20.30235
 1.0 20.08715
 1.0 18.86899
 1.0 18.80304
 1.0 18.70141
 1.0 17.43747
 1.0 17.50602
 1.0 16.33985
 1.0 15.02584
 1.0 14.94833
 1.0 15.03139
 1.0 13.87949
 1.0 12.55628
 2.0 12.45919
 1.0 13.73198
 1.0 13.87167
 1.0 15.23044
 1.0 15.55729
 1.0 15.63392
 1.0 14.31312
 1.0 13.27123
 1.0 13.18319
 1.0 12.79583
 1.0 11.41795
 1.0 10.38579
 1.0 8.02558
 1.0 5.77662
 2.0 4.31585
 1.0 18.01809
 1.0 17.947
 1.0 19.02116
 1.0 18.79591
 1.0 17.49584
 1.0 17.42967
 1.0 17.48887
 1.0 18.78943
 1.0 18.84967
 1.0 18.79358
 1.0 17.49332
 1.0 17.61
 1.0 17.84882
 1.0 18.13513
 2.0 19.35931
 1.0 19.13803
 1.0 20.45412
 1.0 20.85366
 1.0 22.20786
 1.0 23.24468
 1.0 24.59342
 1.0 24.54615
 1.0 23.56547
 1.0 22.15524
 1.0 21.77973
 1.0 22.83882
 1.0 22.88961
 1.0 21.57887
 1.0 21.3413
 1.0 20.08411
 1.0 19.98454
 1.0 19.92774
 1.0 18.70455
 1.0 18.81207
 2.0 17.68746
 1.0 17.97462
 1.0 19.36907
 1.0 20.39982
 1.0 20.45545
 1.0 19.1393
 1.0 19.35956
 1.0 19.78079
 1.0 18.71553
 1.0 18.48821
 1.0 18.03804
 1.0 19.14163
 1.0 18.87237
 3.0 17.6147
 1.0 17.49998
 1.0 16.21627
 1.0 15.23482
 1.0 13.87248
 1.0 13.73197
 1.0 13.87809
 1.0 12.80454
 1.0 11.42503
 1.0 11.24957
 1.0 12.55141
 1.0 13.87168
 1.0 14.17522
 1.0 14.3137
 1.0 13.03784
 2.0 11.94969
 1.0 11.78581
 1.0 11.41893
 1.0 10.08393
 1.0 8.98469
 2.0 7.63055
 1.0 6.59328
 1.0 4.3165
 1.0 0.00669
 1.0 16.97644
 1.0 16.94691
 1.0 17.95133
 1.0 17.66837
 1.0 16.32568
 1.0 16.20666
 1.0 16.31821
 1.0 17.66147
 1.0 17.76952
 1.0 17.66588
 1.0 16.32298
 1.0 16.40045
 1.0 16.70341
 1.0 16.96307
 1.0 18.13803
 1.0 17.85817
 1.0 19.14063
 1.0 19.52708
 1.0 20.85578
 1.0 21.92161
 1.0 23.24695
 1.0 23.16339
 1.0 22.15624
 1.0 20.76246
 1.0 20.39957
 1.0 21.49077
 1.0 21.58081
 1.0 20.3003
 1.0 20.08633
 1.0 18.86898
 1.0 18.80436
 1.0 18.70231
 1.0 17.43748
 1.0 17.5084
 1.0 16.34137
 2.0 16.60501
 1.0 17.97617
 1.0 19.04195
 1.0 19.14235
 1.0 17.85985
 1.0 18.13876
 1.0 18.54565
 1.0 17.4491
 1.0 17.15963
 1.0 16.72037
 1.0 17.86235
 1.0 17.61785
 1.0 16.40601
 1.0 16.33063
 1.0 16.21317
 2.0 14.94608
 1.0 15.02564
 1.0 13.87427
 1.0 12.45694
 1.0 12.55583
 1.0 11.42576
 1.0 10.08863
 2.0 9.9678
 1.0 11.24659
 2.0 11.41699
 1.0 12.79388
 1.0 13.27185
 1.0 10.96641
 1.0 10.8592
 1.0 10.38525
 1.0 8.98345
 1.0 8.02489
 1.0 5.77565
 1.0 3.83816
 1.0 2.91872
 1.0 2.48914
 1.0 1.52053
 1.0 15.62101
 1.0 15.53968
 1.0 16.58215
 1.0 16.32328
 2.0 15.01544
 1.0 14.93828
 1.0 15.00824
 1.0 16.31667
 1.0 16.38617
 1.0 16.32093
 1.0 15.01287
 1.0 15.14793
 1.0 15.4251
 1.0 15.75481
 1.0 16.96732
 1.0 18.03482
 1.0 18.48611
 1.0 19.84506
 1.0 20.85096
 1.0 22.20495
 1.0 22.15259
 1.0 21.20733
 1.0 19.78617
 1.0 19.36535
 1.0 20.45465
 1.0 19.1396
 1.0 18.87164
 1.0 17.5014
 1.0 17.43636
 1.0 16.21645
 1.0 16.33984
 1.0 15.23627
 1.0 15.56818
 1.0 16.97715
 1.0 17.97275
 1.0 18.03602
 1.0 16.71554
 1.0 16.96745
 1.0 17.4459
 1.0 16.41788
 1.0 16.15791
 1.0 15.64136
 1.0 16.71787
 1.0 16.4094
 1.0 15.15267
 2.0 15.0197
 1.0 14.94385
 1.0 13.72933
 1.0 13.87186
 1.0 12.79889
 1.0 11.41821
 1.0 11.24709
 1.0 11.42429
 1.0 10.39572
 1.0 8.99214
 1.0 8.76845
 1.0 10.08311
 1.0 11.78416
 1.0 11.95038
 1.0 10.68279
 1.0 9.65084
 1.0 9.44659
 1.0 8.98438
 1.0 2.48802
 1.0 2.91967
 1.0 15.24552
 1.0 15.21392
 2.0 16.32463
 1.0 16.20594
 1.0 15.0177
 1.0 15.13911
 1.0 16.39009
 1.0 16.31718
 1.0 16.20357
 1.0 14.93717
 1.0 15.02104
 1.0 15.14755
 1.0 15.43268
 1.0 16.71507
 1.0 16.59916
 1.0 17.97123
 1.0 18.38167
 1.0 19.78701
 1.0 20.75843
 1.0 22.15309
 1.0 22.20572
 1.0 21.2991
 1.0 19.84535
 1.0 19.46594
 1.0 20.45562
 1.0 20.39847
 1.0 19.0389
 1.0 18.81103
 1.0 17.50554
 1.0 17.43635
 1.0 17.5046
 1.0 16.33713
 1.0 16.41197
 1.0 15.36393
 1.0 15.64315
 1.0 17.09132
 1.0 18.03789
 1.0 17.97182
 1.0 16.5998
 1.0 16.7147
 1.0 17.15475
 1.0 16.15618
 1.0 16.0378
 1.0 15.56728
 1.0 16.60182
 1.0 16.33881
 1.0 15.02471
 1.0 14.94274
 1.0 15.02231
 1.0 13.87066
 1.0 14.17698
 1.0 13.18785
 1.0 11.78701
 1.0 11.41919
 1.0 11.52649
 1.0 10.5814
 1.0 9.12132
 1.0 8.98782
 1.0 10.08478
 1.0 9.96781
 1.0 11.24661
 2.0 11.417
 1.0 11.52143
 1.0 10.27662
 1.0 9.11429
 1.0 8.9844
 1.0 8.76686
 1.0 7.47754
 1.0 6.29276
 1.0 4.98615
 1.0 3.8411
 1.0 1.52421
 1.0 0.01022
 1.0 1.5187
 1.0 2.91781
 1.0 15.21976
 2.0 15.34066
 1.0 16.39562
 1.0 16.32447
 1.0 15.14406
 1.0 15.41627
 1.0 16.69358
 1.0 16.57566
 1.0 16.32178
 1.0 15.01324
 1.0 14.94164
 1.0 15.01768
 1.0 15.15232
 1.0 16.40959
 1.0 16.33883
 1.0 17.97525
 1.0 19.37022
 1.0 20.40009
 1.0 21.78226
 1.0 21.87111
 1.0 20.91247
 1.0 19.46951
 1.0 19.20427
 1.0 20.24549
 1.0 20.14947
 1.0 18.8131
 1.0 18.70736
 1.0 17.43858
 1.0 17.50268
 1.0 17.6144
 1.0 16.40705
 1.0 16.33967
 1.0 15.23536
 1.0 15.36609
 1.0 16.79203
 1.0 17.79877
 1.0 17.68837
 1.0 16.33999
 1.0 16.4099
 1.0 16.71919
 1.0 15.64295
 1.0 15.57032
 1.0 15.23881
 1.0 16.34204
 1.0 16.219
 1.0 15.01952
 1.0 15.14974
 1.0 13.95255
 1.0 14.31116
 1.0 13.27311
 1.0 11.94737
 1.0 11.5178
 1.0 11.4221
 1.0 10.39278
 2.0 8.98843
 1.0 9.11217
 1.0 10.27174
 1.0 10.08036
 1.0 11.41481
 1.0 11.51563
 1.0 10.08284
 1.0 8.98224
 1.0 9.10972
 2.0 8.98192
 2.0 7.62765
 1.0 2.91782
 1.0 1.51691
 1.0 3.51786
 1.0 5.56644
 1.0 14.19004
 2.0 14.37364
 1.0 15.34356
 1.0 15.2163
 1.0 13.85839
 1.0 13.94178
 1.0 14.29151
 1.0 15.61145
 1.0 15.53561
 1.0 15.21341
 1.0 13.85601
 1.0 13.72184
 1.0 13.86102
 1.0 15.15451
 1.0 15.0262
 1.0 16.34069
 1.0 17.97679
 1.0 19.04166
 1.0 20.40172
 1.0 20.45859
 1.0 19.47007
 1.0 18.04083
 1.0 17.79801
 1.0 18.87578
 1.0 18.81413
 1.0 17.50887
 2.0 17.43969
 2.0 16.21539
 1.0 16.33182
 1.0 16.40399
 1.0 15.1514
 1.0 15.02693
 1.0 13.87407
 1.0 13.96211
 1.0 15.36681
 1.0 16.41398
 1.0 16.34202
 1.0 15.02783
 1.0 15.15539
 1.0 15.43948
 1.0 14.32104
 1.0 14.18676
 1.0 13.87826
 1.0 15.03006
 1.0 14.9483
 1.0 13.72728
 1.0 13.86342
 1.0 13.94855
 2.0 12.69903
 1.0 13.03227
 1.0 11.94783
 1.0 10.67577
 1.0 10.08448
 1.0 7.63095
 1.0 7.87532
 1.0 8.9779
 1.0 10.37938
 1.0 10.38206
 1.0 8.981
 1.0 8.02075
 1.0 8.01971
 1.0 6.58655
 1.0 5.76941
 1.0 2.48024
 1.0 2.91016
 2.0 3.83166
 1.0 4.57104
 1.0 6.76184
 1.0 7.62692
 1.0 14.37983
 1.0 14.7201
 1.0 15.61905
 1.0 15.54345
 1.0 14.16123
 1.0 14.29655
 1.0 14.79604
 1.0 16.12342
 1.0 16.002
 1.0 15.54026
 1.0 14.15889
 1.0 13.86062
 1.0 13.94336
 1.0 13.86603
 1.0 15.02489
 1.0 14.9472
 1.0 16.22055
 1.0 16.34494
 1.0 17.69326
 1.0 18.81604
 1.0 20.15303
 1.0 20.24876
 1.0 19.2086
 1.0 17.80175
 1.0 17.68777
 1.0 18.81354
 1.0 18.71048
 2.0 17.44192
 1.0 17.50601
 1.0 16.3342
 1.0 16.59074
 1.0 16.70789
 1.0 15.42924
 1.0 15.15414
 1.0 13.95574
 1.0 13.87646
 1.0 15.23826
 2.0 16.34186
 1.0 16.22224
 1.0 14.9494
 1.0 15.02652
 1.0 15.16016
 1.0 13.96348
 1.0 13.88146
 1.0 13.7366
 2.0 14.95164
 1.0 15.02524
 1.0 13.86682
 1.0 14.16693
 1.0 14.30433
 1.0 13.02885
 1.0 13.41155
 1.0 12.2969
 1.0 11.13485
 1.0 10.67315
 1.0 10.27172
 1.0 9.11277
 1.0 7.87602
 1.0 8.39514
 1.0 9.64134
 1.0 9.43748
 1.0 10.85127
 1.0 10.95754
 1.0 8.25528
 1.0 8.75542
 2.0 8.62205
 1.0 7.20119
 1.0 6.5819
 1.0 5.20055
 2.0 4.97162
 1.0 3.82732
 1.0 4.30426
 1.0 3.8295
 1.0 5.20536
 1.0 5.56445
 1.0 8.40011
 1.0 7.87673
 2.0 5.56894
 1.0 6.28966
 1.0 15.84198
 1.0 16.19868
 1.0 17.06567
 1.0 16.95036
 1.0 15.54346
 1.0 15.61678
 1.0 16.12274
 1.0 17.48262
 1.0 17.41557
 1.0 16.94711
 1.0 15.54098
 1.0 15.21945
 1.0 15.34578
 1.0 15.22529
 1.0 16.33573
 1.0 16.21625
 1.0 17.51396
 1.0 18.82019
 1.0 19.99621
 1.0 21.29592
 1.0 21.35001
 1.0 20.25151
 1.0 18.88107
 1.0 18.81443
 1.0 19.99331
 1.0 19.93554
 1.0 18.70838
 1.0 18.80909
 1.0 17.67956
 1.0 17.95973
 1.0 18.02476
 1.0 16.70756
 1.0 16.40719
 1.0 15.15432
 1.0 15.03044
 1.0 16.34391
 1.0 17.51092
 1.0 17.44413
 1.0 16.21897
 1.0 16.33791
 1.0 16.41428
 1.0 15.1631
 1.0 15.03598
 1.0 14.95387
 1.0 16.22138
 1.0 16.3364
 1.0 15.22637
 1.0 15.54974
 1.0 15.62533
 1.0 14.30491
 1.0 14.60117
 1.0 13.41197
 1.0 12.29192
 1.0 11.94082
 1.0 11.51681
 1.0 9.64047
 1.0 10.95779
 1.0 10.85076
 1.0 12.29148
 1.0 12.44802
 1.0 12.03888
 1.0 9.76107
 1.0 10.2636
 1.0 10.07316
 1.0 8.6214
 1.0 8.01553
 1.0 6.58147
 1.0 6.28036
 1.0 5.20108
 1.0 5.20324
 1.0 5.56496
 1.0 6.76103
 1.0 7.47085
 1.0 6.7635
 1.0 5.56795
 1.0 16.20245
 1.0 16.50367
 1.0 17.31088
 1.0 17.06127
 1.0 15.61533
 1.0 15.53918
 1.0 15.99853
 1.0 17.41237
 1.0 17.47879
 1.0 17.05805
 1.0 15.6125
 1.0 15.34361
 1.0 15.61874
 1.0 15.55082
 1.0 16.59291
 1.0 16.33335
 1.0 17.50663
 1.0 17.6229
 1.0 18.88061
 1.0 20.09156
 1.0 21.34921
 1.0 21.29409
 1.0 20.15441
 1.0 18.81826
 1.0 18.70958
 1.0 19.9333
 1.0 19.99218
 1.0 18.80996
 1.0 18.86866
 1.0 17.78654
 1.0 18.02165
 1.0 17.95725
 1.0 16.58839
 1.0 16.33402
 1.0 15.02395
 1.0 16.22378
 1.0 17.44301
 1.0 17.50947
 1.0 16.33655
 1.0 16.59556
 1.0 16.71766
 1.0 15.44109
 1.0 15.16347
 1.0 15.03023
 1.0 16.33928
 1.0 16.40598
 1.0 15.35156
 1.0 15.62246
 1.0 15.54865
 1.0 14.16673
 1.0 14.30394
 1.0 13.02863
 1.0 11.93756
 1.0 11.77517
 1.0 11.41355
 1.0 10.07978
 1.0 8.97726
 1.0 9.4351
 1.0 10.84895
 1.0 10.95549
 1.0 12.44622
 1.0 12.78431
 1.0 12.44891
 1.0 10.95855
 1.0 10.26278
 1.0 10.66923
 1.0 10.26168
 1.0 8.75317
 1.0 8.25188
 1.0 6.75399
 1.0 6.58019
 1.0 5.19893
 1.0 5.56043
 1.0 4.56676
 1.0 5.56344
 1.0 5.20537
 1.0 4.975
 1.0 5.20592
 1.0 7.20816
 1.0 6.59164
 1.0 5.21072
 1.0 4.31461
 1.0 5.21018
 1.0 4.98169
 1.0 3.83675
 1.0 16.03269
 1.0 16.19387
 1.0 17.06126
 1.0 16.76245
 1.0 15.33996
 1.0 15.21231
 1.0 15.53203
 1.0 16.93825
 1.0 17.05153
 1.0 16.7595
 1.0 15.33708
 1.0 15.21708
 1.0 15.54384
 1.0 15.62534
 1.0 16.70905
 1.0 16.40448
 1.0 17.6169
 1.0 17.86328
 1.0 19.14555
 1.0 20.30191
 1.0 21.58309
 1.0 21.4928
 1.0 20.40295
 1.0 19.0437
 2.0 18.81294
 1.0 19.99107
 1.0 20.08811
 1.0 18.87088
 1.0 18.80597
 1.0 17.67624
 1.0 17.78232
 1.0 17.67374
 1.0 16.32926
 1.0 16.21504
 1.0 14.94718
 1.0 15.03024
 1.0 16.34373
 1.0 17.50964
 1.0 17.6194
 1.0 16.40716
 1.0 16.71101
 1.0 16.97005
 1.0 15.76393
 1.0 15.44236
 1.0 15.1587
 1.0 16.40988
 1.0 16.33434
 1.0 15.22435
 1.0 15.34649
 1.0 15.22089
 1.0 13.86301
 1.0 13.94814
 1.0 11.50981
 1.0 11.40892
 1.0 11.24435
 1.0 9.96667
 1.0 10.37615
 2.0 10.56086
 1.0 12.03563
 1.0 12.44712
 1.0 12.29328
 1.0 10.85332
 1.0 10.07344
 1.0 10.26277
 1.0 9.75962
 1.0 8.25357
 1.0 7.61814
 2.0 6.09214
 1.0 5.76505
 1.0 4.3036
 1.0 4.56614
 1.0 3.5131
 1.0 4.5692
 1.0 3.83241
 1.0 4.31203
 1.0 5.77328
 1.0 6.59121
 1.0 6.29233
 2.0 4.98504
 1.0 3.83893
 1.0 14.58948
 1.0 14.7148
 1.0 15.61423
 1.0 15.33849
 1.0 13.93776
 1.0 13.85399
 1.0 14.15065
 1.0 15.53202
 1.0 15.60538
 1.0 15.33562
 1.0 13.93499
 1.0 13.85801
 1.0 14.16086
 1.0 14.30376
 1.0 15.42959
 1.0 15.15102
 1.0 16.40838
 1.0 16.71838
 1.0 18.03865
 1.0 19.1403
 1.0 20.45598
 1.0 20.39912
 1.0 19.36804
 1.0 17.97399
 1.0 17.68618
 1.0 18.81117
 1.0 18.8728
 1.0 17.61595
 1.0 17.50266
 1.0 16.33061
 1.0 16.3987
 1.0 16.32892
 1.0 15.01915
 2.0 14.94607
 1.0 13.73073
 1.0 13.87625
 1.0 15.23807
 1.0 16.34048
 1.0 16.41039
 1.0 15.15319
 1.0 15.43099
 1.0 15.75969
 1.0 14.61314
 1.0 14.32025
 1.0 13.95909
 1.0 15.15576
 1.0 15.02301
 1.0 13.8646
 1.0 13.94374
 1.0 13.8618
 1.0 12.5425
 1.0 12.69814
 1.0 11.51585
 1.0 10.26576
 1.0 9.96555
 1.0 8.76748
 2.0 7.47419
 1.0 7.62218
 1.0 8.97541
 1.0 10.95651
 1.0 10.8528
 1.0 8.75445
 1.0 8.25391
 1.0 2.90825
 1.0 3.51151
 1.0 4.31138
 1.0 5.21071
 1.0 7.62911
 1.0 7.47642
 1.0 6.29321
 1.0 5.21391
 1.0 14.18965
 1.0 15.34355
 1.0 15.21667
 1.0 13.85879
 1.0 13.94257
 1.0 14.29267
 1.0 15.61251
 1.0 15.53632
 1.0 15.21377
 1.0 13.8564
 1.0 13.72183
 1.0 13.86061
 1.0 13.95035
 1.0 15.15377
 1.0 15.02582
 1.0 16.34034
 1.0 16.60433
 1.0 17.97616
 1.0 19.04106
 1.0 20.40117
 1.0 20.4583
 1.0 19.46977
 1.0 18.04051
 1.0 17.79799
 1.0 18.87577
 1.0 18.81383
 1.0 17.50855
 1.0 16.33215
 1.0 16.40466
 1.0 15.15212
 1.0 15.02729
 1.0 13.87445
 1.0 13.9621
 1.0 15.36679
 1.0 16.41396
 1.0 16.34167
 1.0 15.02746
 1.0 15.15465
 1.0 15.43839
 1.0 14.31986
 1.0 14.18597
 1.0 13.87785
 1.0 15.02968
 1.0 14.94829
 1.0 13.72727
 1.0 13.86381
 1.0 13.94934
 1.0 12.6999
 1.0 13.03354
 1.0 11.94921
 1.0 10.67731
 1.0 10.26982
 1.0 10.08502
 1.0 8.98903
 1.0 7.63166
 1.0 7.87672
 1.0 9.10849
 1.0 10.37991
 1.0 10.56402
 1.0 10.38152
 2.0 8.98037
 1.0 5.77037
 1.0 4.31137
 1.0 4.57347
 1.0 5.56945
 1.0 7.87743
 1.0 5.57243
 1.0 3.52573
 1.0 15.21957
 1.0 16.39561
 1.0 15.01561
 1.0 15.14441
 1.0 15.4168
 1.0 16.69407
 1.0 16.57598
 1.0 16.32194
 1.0 15.01342
 1.0 14.94163
 1.0 15.01749
 1.0 15.15194
 1.0 16.40924
 1.0 16.33865
 1.0 17.68729
 1.0 17.97493
 1.0 19.36992
 1.0 20.39981
 1.0 21.78199
 1.0 21.87097
 1.0 20.91232
 1.0 19.46935
 1.0 19.20426
 1.0 20.24547
 1.0 20.14932
 1.0 18.70735
 1.0 17.43857
 1.0 17.50283
 1.0 16.33983
 1.0 15.23553
 1.0 15.36607
 1.0 16.79201
 1.0 17.79876
 1.0 17.6882
 1.0 16.33981
 1.0 16.40955
 1.0 16.71868
 1.0 15.64241
 1.0 15.56995
 1.0 15.23862
 1.0 16.21899
 1.0 15.15009
 1.0 13.95294
 1.0 14.31173
 1.0 13.27372
 1.0 11.94805
 1.0 11.51827
 1.0 11.42233
 1.0 10.39303
 1.0 8.98872
 1.0 9.11276
 1.0 10.27227
 1.0 11.41504
 1.0 11.41675
 1.0 10.08256
 1.0 9.10971
 1.0 8.98222
 1.0 6.59034
 1.0 2.48471
 1.0 6.5895
 1.0 5.77423
 1.0 1.52783
 1.0 0.00223
 1.0 15.24151
 1.0 15.21009
 1.0 16.32088
 1.0 16.20251
 1.0 14.93603
 1.0 15.01473
 1.0 15.13636
 1.0 16.38721
 1.0 16.31395
 1.0 16.20014
 1.0 14.93382
 1.0 15.01752
 1.0 15.14369
 1.0 15.42871
 1.0 16.71124
 1.0 16.59564
 1.0 17.96782
 1.0 18.37818
 1.0 19.78363
 1.0 20.75493
 1.0 22.14969
 1.0 22.20257
 1.0 21.29608
 1.0 19.84225
 1.0 19.46293
 1.0 20.45248
 1.0 20.39505
 1.0 19.03539
 1.0 18.80763
 1.0 17.50204
 1.0 17.50158
 1.0 16.33423
 1.0 16.40891
 1.0 15.36102
 1.0 15.64012
 1.0 17.08838
 1.0 18.03479
 1.0 17.96841
 1.0 16.59628
 1.0 16.71087
 1.0 17.15085
 1.0 16.15239
 1.0 16.03432
 1.0 15.56388
 1.0 16.59829
 1.0 16.3354
 1.0 15.02119
 1.0 15.01934
 1.0 13.86785
 1.0 14.17462
 1.0 13.18573
 1.0 11.78488
 1.0 11.4165
 1.0 11.52358
 1.0 10.57876
 1.0 9.11857
 1.0 8.98533
 1.0 10.08201
 1.0 9.96446
 1.0 11.24314
 1.0 11.4131
 1.0 10.27255
 1.0 9.11002
 1.0 8.76336
 1.0 2.49142
 1.0 0.00972
 1.0 1.52054
 1.0 6.59287
 1.0 6.76758
 1.0 2.9254
 1.0 2.49584
 1.0 0.00499
 1.0 2.48915
 1.0 15.61355
 1.0 15.53218
 1.0 16.57478
 1.0 16.31613
 1.0 15.00841
 1.0 14.93159
 1.0 15.00159
 1.0 16.30987
 1.0 16.37905
 1.0 16.31378
 1.0 15.00585
 1.0 15.14096
 1.0 15.4179
 1.0 15.74775
 1.0 16.96044
 1.0 16.70775
 1.0 18.02834
 1.0 18.47979
 1.0 19.83889
 1.0 20.84455
 1.0 22.19868
 1.0 22.14655
 1.0 21.20155
 1.0 19.78025
 1.0 20.39152
 1.0 20.44812
 1.0 19.13292
 1.0 18.86486
 1.0 17.60775
 1.0 17.49441
 1.0 17.42966
 1.0 16.20993
 1.0 16.33337
 1.0 15.23006
 1.0 15.5621
 1.0 16.97125
 1.0 17.96656
 1.0 18.02954
 1.0 16.70888
 1.0 16.96057
 1.0 17.4392
 1.0 16.41143
 1.0 16.1517
 1.0 15.63495
 1.0 16.71121
 1.0 16.40262
 1.0 15.14569
 1.0 15.01267
 1.0 14.93715
 1.0 13.72285
 1.0 13.86585
 1.0 12.79324
 1.0 11.41237
 1.0 11.24066
 1.0 10.38983
 1.0 8.98595
 1.0 8.7621
 1.0 9.96111
 1.0 10.07594
 1.0 11.40968
 1.0 11.77662
 1.0 11.94294
 1.0 10.67551
 1.0 9.64336
 1.0 9.43894
 1.0 8.97696
 1.0 6.58528
 1.0 2.48357
 1.0 2.49475
 1.0 3.84542
 1.0 6.29539
 1.0 6.5975
 1.0 5.78239
 1.0 4.321
 1.0 3.84686
 1.0 1.53328
 1.0 0.00773
 1.0 4.31198
