
 100.0 1.526
 1.0 1.76286
 2.0 2.92254
 97.0 2.49139
 1.0 3.05109
 62.0 2.92064
 5.0 3.52257
 1.0 1.75971
 5.0 2.9197
 25.0 2.48916
 7.0 1.52235
 9.0 2.91968
 9.0 3.52256
 1.0 1.75812
 2.0 2.91874
 5.0 3.52098
 5.0 4.57587
 49.0 4.31457
 35.0 3.83962
 1.0 1.52419
 7.0 2.48805
 4.0 2.91778
 5.0 4.31263
 9.0 4.57526
 1.0 3.05019
 2.0 3.83673
 1.0 4.31198
 5.0 5.77373
 10.0 6.10126
 13.0 5.77566
 15.0 3.83745
 3.0 4.31199
 2.0 5.208
 3.0 6.58906
 9.0 6.76388
 8.0 6.59075
 17.0 5.21015
 1.0 5.28333
 1.0 5.77325
 3.0 6.58863
 1.0 8.02246
 10.0 8.26132
 4.0 8.0242
 1.0 5.77277
 2.0 6.5878
 1.0 7.2058
 1.0 8.6272
 3.0 8.76176
 6.0 6.10127
 7.0 4.57527
 1.0 7.26082
 1.0 8.02143
 1.0 8.62656
 1.0 10.07868
 4.0 10.2701
 4.0 9.76761
 5.0 7.62727
 1.0 8.02109
 5.0 8.97881
 2.0 9.44129
 2.0 10.85613
 3.0 10.96362
 4.0 8.26133
 8.0 6.59076
 11.0 4.98278
 1.0 9.48364
 1.0 10.38125
 1.0 10.85536
 1.0 12.2969
 1.0 12.45449
 1.0 11.78299
 5.0 6.29053
 1.0 10.38098
 2.0 11.41285
 1.0 11.77991
 2.0 13.1794
 2.0 13.26829
 2.0 12.4545
 6.0 10.56823
 1.0 9.1094
 4.0 8.98191
 3.0 7.47417
 1.0 11.81412
 2.0 12.79106
 1.0 13.17855
 1.0 14.60348
 2.0 14.73662
 1.0 13.95297
 1.0 12.04373
 1.0 10.38419
 2.0 8.7643
 1.0 12.79085
 1.0 13.86727
 1.0 14.1707
 2.0 15.55479
 1.0 15.63036
 1.0 12.94371
 2.0 11.51634
 1.0 11.41601
 2.0 10.08062
 1.0 9.96556
 1.0 12.81975
 1.0 13.94978
 2.0 14.30592
 1.0 15.62858
 1.0 14.60349
 1.0 12.79193
 3.0 11.41382
 1.0 11.51658
 1.0 10.27037
 1.0 11.51152
 1.0 12.69687
 1.0 13.0278
 1.0 14.17071
 1.0 13.17856
 1.0 11.77992
 3.0 10.07731
 1.0 10.26902
 2.0 9.10817
 1.0 8.98036
 1.0 8.02247
 2.0 6.58907
 11.0 4.31264
 1.0 11.27428
 1.0 12.54409
 1.0 12.69685
 1.0 13.94977
 1.0 13.86726
 1.0 11.41284
 1.0 11.24264
 3.0 9.96221
 2.0 10.07923
 2.0 8.98035
 2.0 9.11
 2.0 8.26165
 3.0 6.76428
 4.0 4.31392
 1.0 11.24289
 1.0 12.4536
 1.0 12.54585
 1.0 13.86866
 1.0 13.95356
 1.0 12.94456
 1.0 11.51706
 1.0 11.41649
 1.0 10.08089
 1.0 9.96555
 1.0 8.76397
 1.0 8.98344
 1.0 8.02522
 1.0 6.59201
 1.0 5.77613
 1.0 4.3152
 1.0 3.83889
 6.0 2.49026
 1.0 12.5793
 1.0 13.72893
 1.0 13.86885
 1.0 15.22969
 1.0 15.3574
 1.0 14.39287
 1.0 12.9452
 1.0 12.79518
 1.0 11.41697
 1.0 11.24707
 1.0 9.96666
 1.0 10.08335
 1.0 8.98436
 1.0 7.6298
 1.0 6.59284
 1.0 5.21227
 2.0 4.31584
 2.0 2.92158
 1.0 12.79127
 1.0 13.86765
 1.0 14.17147
 1.0 15.55549
 1.0 15.6307
 1.0 14.73699
 1.0 13.2687
 1.0 12.94369
 1.0 11.51633
 1.0 11.41648
 2.0 10.08115
 1.0 9.96554
 1.0 8.76428
 1.0 7.47415
 1.0 6.29051
 1.0 4.98276
 2.0 3.83961
 2.0 2.49137
 2.0 1.52599
 3.0 0.00446
 5.0 1.52236
 1.0 12.81756
 1.0 13.94777
 1.0 14.30396
 1.0 15.62642
 2.0 15.55228
 1.0 14.60081
 1.0 13.17686
 1.0 12.78931
 1.0 11.41137
 1.0 11.51464
 1.0 10.26873
 2.0 10.07894
 2.0 8.98065
 1.0 7.62579
 2.0 6.58989
 1.0 5.20906
 3.0 4.31455
 1.0 2.92062
 4.0 2.49361
 1.0 1.52963
 1.0 13.94738
 1.0 15.14718
 1.0 15.42546
 1.0 16.70574
 1.0 16.58977
 1.0 14.16932
 1.0 13.86585
 1.0 12.54452
 1.0 12.69991
 1.0 11.51512
 1.0 11.41453
 1.0 10.3831
 1.0 8.02349
 2.0 5.77564
 1.0 3.84106
 1.0 14.19188
 1.0 15.42312
 1.0 15.74562
 1.0 16.95585
 1.0 16.70275
 1.0 15.62323
 1.0 14.30202
 1.0 13.94617
 1.0 12.69509
 1.0 13.02864
 1.0 11.94245
 1.0 11.78013
 2.0 10.85612
 2.0 9.44187
 1.0 8.62783
 1.0 7.20695
 1.0 6.59074
 2.0 5.21013
 1.0 4.98499
 1.0 3.84251
 3.0 2.92063
 1.0 14.59414
 1.0 15.74492
 1.0 16.20529
 1.0 17.42791
 1.0 17.13629
 1.0 16.13415
 1.0 14.8064
 1.0 14.30105
 1.0 13.02481
 1.0 13.40845
 1.0 12.29304
 1.0 11.94199
 2.0 10.96133
 1.0 9.64362
 1.0 8.76048
 1.0 7.47006
 1.0 5.56941
 2.0 5.21334
 1.0 4.31843
 2.0 4.57405
 4.0 5.56942
 1.0 13.51788
 1.0 14.59415
 1.0 15.14094
 1.0 16.39553
 1.0 16.13347
 1.0 15.21857
 1.0 13.85904
 1.0 13.25948
 1.0 11.93688
 1.0 12.29102
 1.0 11.13334
 1.0 10.6721
 1.0 9.64277
 2.0 8.39578
 1.0 7.46896
 1.0 6.28478
 3.0 5.56791
 3.0 4.57404
 1.0 4.31649
 1.0 3.84179
 2.0 2.4914
 4.0 2.91684
 5.0 4.31071
 5.0 5.20801
 6.0 4.98055
 1.0 14.1605
 1.0 15.14021
 1.0 15.81589
 1.0 17.0661
 1.0 16.76802
 1.0 15.93856
 1.0 14.5932
 1.0 13.85804
 1.0 12.53699
 1.0 12.93511
 1.0 11.77519
 1.0 11.13285
 1.0 10.074
 2.0 8.97478
 1.0 8.01866
 1.0 7.0404
 2.0 6.287
 1.0 5.56792
 2.0 5.21228
 1.0 4.98501
 1.0 3.83891
 2.0 5.77181
 6.0 6.58865
 5.0 6.28832
 1.0 14.61511
 1.0 15.61611
 1.0 16.31941
 1.0 17.48919
 1.0 17.06251
 1.0 16.20033
 1.0 14.93121
 1.0 14.15912
 1.0 12.92974
 1.0 13.48986
 1.0 12.44511
 1.0 11.77377
 1.0 10.8505
 1.0 9.75935
 1.0 8.97571
 1.0 8.01761
 1.0 7.47044
 2.0 6.76264
 1.0 6.59285
 1.0 6.29274
 4.0 5.20695
 2.0 6.58696
 1.0 7.62508
 3.0 7.47194
 1.0 15.41411
 1.0 16.31891
 1.0 17.12963
 1.0 18.28981
 1.0 17.83855
 1.0 17.06137
 1.0 15.81255
 1.0 14.93047
 1.0 13.71394
 1.0 14.29794
 1.0 13.25864
 1.0 12.44489
 1.0 11.50837
 1.0 10.55981
 1.0 9.76135
 1.0 8.9754
 1.0 8.39876
 3.0 7.87529
 1.0 7.62945
 2.0 7.4764
 1.0 6.2901
 3.0 6.58738
 3.0 8.02039
 5.0 8.97974
 1.0 8.76208
 1.0 16.60185
 1.0 17.48968
 1.0 18.29103
 1.0 19.50158
 1.0 19.11943
 1.0 18.35412
 1.0 17.06349
 1.0 16.20154
 1.0 14.93271
 1.0 15.42097
 1.0 14.30067
 1.0 13.49213
 1.0 12.4478
 1.0 11.5091
 1.0 10.56297
 1.0 9.76192
 1.0 8.3991
 1.0 7.87882
 1.0 7.62946
 1.0 6.5895
 2.0 7.20466
 2.0 8.62528
 1.0 9.44218
 3.0 7.62509
 1.0 16.20137
 2.0 17.06448
 1.0 17.84151
 1.0 19.12132
 1.0 18.85532
 1.0 18.12165
 1.0 16.7667
 2.0 15.93734
 1.0 14.59226
 1.0 14.93644
 1.0 13.72003
 1.0 12.93512
 1.0 11.77568
 1.0 10.85025
 1.0 9.76136
 2.0 8.9751
 1.0 8.0197
 1.0 7.46934
 1.0 6.7647
 1.0 6.59118
 1.0 5.77182
 3.0 6.58443
 1.0 8.01832
 1.0 6.09944
 1.0 15.44244
 1.0 16.393
 1.0 18.35625
 1.0 18.12196
 1.0 17.31246
 1.0 15.21621
 1.0 13.85705
 1.0 14.16424
 1.0 12.93513
 1.0 12.29036
 1.0 11.13337
 1.0 10.07263
 1.0 8.97573
 1.0 8.01728
 1.0 7.04199
 2.0 6.28568
 1.0 5.57043
 2.0 5.21123
 2.0 4.31072
 1.0 5.20323
 2.0 6.58444
 1.0 6.58739
 2.0 5.20696
 2.0 4.57345
 1.0 15.2164
 1.0 16.13212
 1.0 16.76787
 1.0 18.12381
 1.0 18.01619
 2.0 17.2467
 1.0 15.81662
 1.0 15.14097
 1.0 13.71762
 1.0 13.86087
 1.0 12.54012
 1.0 11.939
 1.0 10.67135
 1.0 9.6402
 1.0 8.39515
 2.0 7.46601
 1.0 6.28437
 2.0 5.56445
 1.0 4.57407
 4.0 4.31265
 1.0 3.83168
 1.0 4.97275
 1.0 6.28171
 1.0 5.76989
 3.0 4.30878
 1.0 3.83312
 2.0 4.31005
 2.0 4.57283
 3.0 3.51941
 1.0 14.40527
 1.0 15.21713
 1.0 15.9384
 1.0 17.31439
 1.0 16.58226
 1.0 15.14061
 1.0 14.37937
 1.0 12.93213
 1.0 13.02441
 1.0 11.67544
 1.0 10.95654
 1.0 9.64021
 2.0 8.7548
 1.0 6.75732
 1.0 5.20482
 1.0 5.20162
 1.0 6.58359
 2.0 6.75936
 1.0 6.09761
 1.0 4.57162
 2.0 5.20746
 1.0 14.38015
 1.0 15.14209
 1.0 15.81785
 1.0 17.24864
 1.0 17.31569
 2.0 16.70047
 1.0 15.21878
 1.0 14.51515
 1.0 13.02315
 1.0 12.93601
 1.0 11.50913
 1.0 10.85079
 1.0 9.43751
 1.0 8.62144
 1.0 7.2016
 2.0 6.58277
 1.0 5.20324
 1.0 4.97498
 2.0 3.83384
 3.0 4.3107
 1.0 4.56859
 2.0 5.56045
 1.0 6.75689
 1.0 6.58358
 2.0 5.76939
 1.0 4.30811
 2.0 4.571
 1.0 5.5664
 1.0 6.28698
 1.0 13.7466
 1.0 14.38074
 1.0 15.14208
 1.0 16.58428
 1.0 16.20604
 1.0 14.72722
 1.0 13.94324
 1.0 12.44493
 1.0 12.29061
 1.0 10.85028
 1.0 10.07238
 1.0 8.62145
 1.0 8.01557
 1.0 6.28172
 1.0 4.97499
 1.0 5.20429
 2.0 5.56443
 2.0 6.28126
 2.0 7.46636
 1.0 7.2031
 1.0 6.58651
 1.0 5.20586
 2.0 5.56641
 1.0 6.76262
 1.0 7.47154
 2.0 6.76345
 1.0 5.56741
 1.0 12.28698
 1.0 12.93278
 1.0 13.71782
 1.0 15.14189
 1.0 15.21824
 1.0 14.72665
 1.0 13.25847
 1.0 12.44448
 1.0 10.95376
 1.0 10.84951
 1.0 9.43603
 1.0 8.6208
 1.0 7.20083
 1.0 6.58192
 2.0 5.20217
 2.0 4.97387
 1.0 3.83239
 2.0 4.30942
 3.0 3.83744
 5.0 4.98165
 1.0 5.20641
 1.0 5.56244
 1.0 6.75853
 1.0 6.58568
 1.0 6.28697
 1.0 4.9794
 2.0 5.20745
 2.0 6.58904
 1.0 7.20733
 1.0 6.58905
 1.0 5.20747
 2.0 4.97943
 3.0 6.76429
 1.0 11.80496
 1.0 12.28767
 1.0 13.17056
 1.0 14.59475
 1.0 14.72666
 1.0 14.38093
 1.0 12.93343
 1.0 12.03314
 1.0 10.55775
 1.0 10.37485
 1.0 8.97296
 1.0 8.01488
 2.0 6.58193
 1.0 6.28084
 1.0 5.20322
 1.0 5.20694
 1.0 4.98164
 2.0 6.29007
 1.0 6.58822
 1.0 6.75895
 1.0 7.87246
 1.0 7.6236
 1.0 7.4719
 2.0 6.28828
 1.0 8.02313
 1.0 8.62847
 1.0 8.0228
 1.0 6.28744
 2.0 7.47082
 1.0 7.87671
 1.0 12.78238
 1.0 13.17098
 1.0 14.16365
 1.0 15.54676
 1.0 15.62077
 2.0 15.34585
 1.0 13.94302
 1.0 12.93342
 1.0 11.50623
 1.0 11.40726
 1.0 10.07236
 1.0 8.97326
 1.0 7.61927
 2.0 7.46526
 1.0 6.28259
 1.0 5.77084
 2.0 6.58737
 1.0 6.28874
 2.0 7.47303
 1.0 7.62398
 1.0 7.87105
 1.0 9.10511
 1.0 8.97786
 1.0 8.76109
 1.0 7.47078
 2.0 7.62469
 2.0 8.98002
 1.0 9.44304
 2.0 8.62719
 1.0 7.20618
 3.0 7.62399
 1.0 7.46971
 1.0 12.56915
 1.0 12.78325
 1.0 13.86005
 1.0 15.21968
 1.0 15.21969
 1.0 13.86007
 1.0 12.78326
 1.0 11.40532
 2.0 11.23647
 2.0 9.95665
 1.0 7.61999
 1.0 7.20388
 1.0 7.62506
 1.0 8.76364
 1.0 8.97942
 1.0 9.10512
 1.0 10.26684
 1.0 10.07755
 1.0 9.96329
 1.0 8.76172
 1.0 10.38282
 1.0 10.85739
 1.0 10.07895
 1.0 8.02108
 1.0 8.75987
 1.0 8.97975
 1.0 8.02213
 1.0 13.71942
 1.0 13.86025
 1.0 15.01511
 2.0 16.32608
 1.0 16.39623
 1.0 16.32575
 1.0 15.01475
 2.0 13.85986
 1.0 12.53856
 1.0 12.44803
 1.0 11.23745
 1.0 9.95664
 1.0 8.75606
 1.0 8.01831
 1.0 8.62462
 1.0 8.02072
 1.0 8.97941
 1.0 8.76269
 3.0 9.96442
 1.0 10.07757
 2.0 10.26549
 1.0 11.51271
 1.0 11.41257
 1.0 11.24284
 1.0 9.96217
 1.0 10.0781
 1.0 11.41403
 1.0 11.78178
 1.0 9.44217
 1.0 8.62591
 1.0 9.4413
 1.0 8.97758
 1.0 9.10727
 1.0 8.25931
 1.0 8.76177
 1.0 15.04011
 1.0 15.21986
 1.0 17.6716
 1.0 17.78007
 1.0 17.67114
 1.0 16.32558
 1.0 15.21932
 1.0 13.85966
 1.0 13.72167
 1.0 12.44804
 1.0 10.0729
 1.0 8.97479
 1.0 9.43835
 1.0 8.62398
 1.0 9.44011
 1.0 8.97848
 1.0 10.07784
 1.0 10.67054
 1.0 11.94036
 1.0 11.77801
 1.0 11.41135
 1.0 10.07562
 1.0 10.26655
 1.0 11.51342
 1.0 11.94361
 1.0 9.64391
 1.0 8.75859
 1.0 9.64393
 1.0 9.10605
 1.0 8.9782
 1.0 8.0204
 2.0 8.62721
 3.0 8.02212
 1.0 6.28833
 1.0 15.21676
 1.0 15.54498
 1.0 16.58258
 1.0 17.95206
 1.0 18.01588
 1.0 17.77788
 1.0 16.39403
 1.0 15.34368
 1.0 13.94083
 1.0 12.53879
 1.0 11.40556
 1.0 10.07071
 1.0 9.95441
 2.0 8.75384
 1.0 8.97263
 1.0 8.01589
 1.0 8.62205
 1.0 8.0183
 1.0 8.97694
 1.0 9.10237
 1.0 9.63759
 1.0 10.95601
 1.0 10.85049
 1.0 10.37694
 1.0 8.97445
 1.0 9.10358
 1.0 10.2652
 1.0 10.67313
 1.0 9.64247
 1.0 7.4671
 1.0 8.39645
 1.0 7.87247
 1.0 7.62327
 2.0 6.58654
 2.0 7.20582
 2.0 6.58781
 3.0 4.97944
 5.0 3.83601
 1.0 14.18703
 1.0 14.59133
 1.0 15.54301
 1.0 16.95064
 1.0 17.06402
 1.0 16.76656
 1.0 15.34223
 1.0 14.37726
 1.0 12.92977
 1.0 12.78152
 1.0 11.40386
 1.0 10.37163
 1.0 8.96986
 1.0 8.75131
 1.0 7.46191
 1.0 7.61671
 1.0 6.58148
 1.0 7.20119
 1.0 6.58526
 1.0 7.62325
 1.0 7.87035
 1.0 8.39149
 1.0 9.63902
 1.0 9.43687
 1.0 8.97569
 1.0 7.62105
 1.0 7.87174
 1.0 9.10601
 1.0 9.64419
 1.0 8.75953
 2.0 7.46858
 1.0 6.76058
 2.0 7.87387
 2.0 7.62435
 2.0 6.58991
 1.0 5.7747
 1.0 4.31328
 1.0 3.83818
 4.0 2.48804
 1.0 14.37938
 1.0 14.72552
 1.0 15.61971
 1.0 17.06662
 1.0 17.31425
 1.0 17.06679
 1.0 15.61989
 1.0 14.72571
 1.0 13.25743
 1.0 12.93408
 1.0 11.50696
 1.0 10.55827
 1.0 9.09966
 1.0 8.97141
 1.0 7.61709
 1.0 7.86825
 1.0 6.75649
 1.0 6.75976
 1.0 7.87386
 1.0 8.39545
 1.0 8.97293
 1.0 10.07288
 1.0 9.64102
 1.0 9.10539
 1.0 7.87243
 1.0 8.39741
 1.0 9.64504
 1.0 10.38148
 1.0 9.64592
 1.0 8.39841
 1.0 7.87457
 1.0 9.10816
 3.0 8.98004
 1.0 8.76303
 1.0 7.47305
 1.0 7.62799
 1.0 6.59159
 1.0 5.21067
 1.0 4.31521
 1.0 13.51649
 1.0 13.93946
 1.0 14.72363
 1.0 16.20261
 1.0 16.51057
 1.0 16.2033
 1.0 14.72439
 1.0 13.94025
 1.0 12.44181
 1.0 12.03199
 1.0 10.5567
 1.0 9.75541
 1.0 8.24925
 1.0 8.01176
 1.0 6.57855
 1.0 6.75445
 1.0 6.28258
 1.0 5.56542
 1.0 6.76263
 1.0 8.01588
 1.0 8.39511
 1.0 7.87385
 1.0 6.76179
 1.0 7.47079
 1.0 8.76236
 1.0 9.64764
 1.0 9.11059
 2.0 7.87597
 1.0 7.62652
 1.0 8.98127
 1.0 9.1106
 1.0 8.98406
 2.0 7.62981
 1.0 7.47639
 1.0 6.29318
 4.0 4.985
 2.0 3.84252
 1.0 2.48914
 1.0 13.93706
 1.0 14.50903
 1.0 15.21276
 1.0 16.69482
 1.0 16.9482
 1.0 16.50855
 1.0 15.0083
 1.0 14.2945
 1.0 12.77719
 1.0 12.44114
 1.0 10.95048
 1.0 10.25661
 1.0 8.74848
 1.0 8.24723
 1.0 6.74994
 1.0 6.57644
 1.0 5.1963
 1.0 5.55845
 1.0 4.56677
 1.0 5.56393
 1.0 7.03409
 1.0 8.01311
 1.0 7.46263
 1.0 6.75729
 1.0 5.56292
 1.0 6.28389
 1.0 7.46968
 1.0 8.39907
 1.0 6.7614
 1.0 8.02245
 1.0 8.26198
 1.0 8.02627
 1.0 6.59328
 1.0 6.29229
 2.0 3.84107
 2.0 2.49362
 2.0 2.48803
 1.0 2.91682
 1.0 13.73893
 1.0 14.37302
 1.0 15.13438
 1.0 16.57658
 1.0 16.69283
 1.0 16.1985
 1.0 14.71968
 1.0 13.93567
 1.0 12.43735
 1.0 12.28293
 1.0 10.8426
 1.0 10.06466
 1.0 8.61372
 1.0 8.00796
 1.0 6.57519
 1.0 6.27466
 1.0 4.96831
 1.0 5.19897
 1.0 4.30686
 1.0 5.20589
 1.0 5.56245
 1.0 6.27774
 1.0 7.46265
 1.0 7.19927
 2.0 6.58401
 1.0 5.20375
 1.0 6.76181
 1.0 7.47081
 1.0 5.56642
 1.0 6.76469
 1.0 6.59327
 1.0 1.52966
 1.0 0.00773
 1.0 1.51871
 1.0 2.4847
 1.0 14.58849
 1.0 15.13623
 1.0 16.00714
 1.0 17.42175
 1.0 17.48798
 1.0 17.06224
 1.0 15.61546
 1.0 14.72138
 1.0 13.25325
 1.0 13.16763
 1.0 11.76958
 1.0 10.8444
 1.0 9.43104
 1.0 8.96802
 1.0 7.61419
 1.0 7.46081
 1.0 6.27863
 1.0 6.5815
 1.0 5.76893
 1.0 6.75773
 1.0 7.46266
 1.0 8.62077
 1.0 8.01727
 1.0 6.584
 1.0 6.75935
 1.0 8.39908
 1.0 7.47119
 1.0 6.28611
 1.0 5.56742
 1.0 6.76347
 2.0 6.59033
 1.0 6.29142
 2.0 4.98389
 2.0 4.3165
 1.0 2.9216
 1.0 1.52238
 2.0 2.48694
 2.0 2.9159
 1.0 2.48583
 1.0 3.83457
 1.0 4.31136
 1.0 14.61326
 1.0 15.21132
 1.0 16.12628
 1.0 17.48687
 1.0 17.41969
 1.0 16.94658
 1.0 15.53929
 1.0 14.58755
 1.0 13.16384
 1.0 13.25451
 1.0 11.93228
 1.0 10.95023
 1.0 9.63389
 1.0 9.09632
 1.0 7.86475
 1.0 7.61528
 3.0 6.58109
 1.0 6.75692
 1.0 6.09765
 1.0 6.76266
 1.0 6.58488
 1.0 7.19929
 1.0 8.62079
 1.0 8.75575
 1.0 8.25662
 1.0 6.75937
 1.0 6.5857
 3.0 6.76306
 1.0 5.56693
 2.0 5.56843
 3.0 5.20962
 1.0 4.31651
 2.0 3.84108
 2.0 2.49141
 2.0 2.92161
 1.0 2.48918
 1.0 2.91687
 1.0 3.51786
 1.0 2.91496
 2.0 4.30944
 1.0 4.57164
 1.0 13.2499
 1.0 13.85047
 1.0 14.79726
 1.0 16.1256
 1.0 16.00456
 1.0 15.53859
 1.0 14.15585
 1.0 13.163
 1.0 11.76487
 1.0 11.93089
 1.0 10.66305
 1.0 9.63217
 1.0 8.38691
 1.0 7.86334
 1.0 6.75284
 1.0 6.58026
 1.0 5.76849
 1.0 6.09766
 1.0 5.77617
 1.0 6.59373
 1.0 6.28968
 1.0 6.58573
 2.0 8.01939
 1.0 8.25866
 1.0 8.02318
 2.0 6.59034
 1.0 6.28966
 2.0 7.47529
 1.0 7.62982
 1.0 6.59371
 2.0 5.21229
 1.0 4.31715
 1.0 5.21281
 2.0 5.216
 1.0 4.32099
 1.0 4.58255
 2.0 4.32101
 1.0 2.92636
 1.0 3.52732
 1.0 2.92257
 3.0 2.48921
 1.0 2.91593
 1.0 2.48472
 1.0 3.83241
 1.0 4.57223
 1.0 12.80831
 1.0 13.2541
 1.0 14.29529
 1.0 15.6169
 1.0 15.54199
 1.0 15.21553
 1.0 13.8561
 1.0 12.77917
 1.0 11.40146
 1.0 11.50506
 1.0 10.2596
 1.0 9.09817
 1.0 7.86618
 1.0 7.61749
 1.0 6.5828
 1.0 6.75941
 1.0 6.09948
 1.0 6.76514
 1.0 6.59456
 3.0 7.63274
 1.0 7.47641
 2.0 7.62656
 2.0 8.98131
 1.0 9.11063
 1.0 8.98407
 1.0 8.76778
 1.0 8.98685
 1.0 8.02904
 2.0 6.59539
 1.0 5.77998
 1.0 6.59538
 1.0 6.29405
 1.0 6.59663
 1.0 5.78141
 1.0 6.10854
 1.0 5.78191
 1.0 4.32037
 1.0 4.58135
 1.0 3.52574
 1.0 2.92354
 1.0 2.48922
 1.0 1.52058
 1.0 2.48361
 1.0 2.91398
 1.0 3.51783
 1.0 2.91777
 4.0 4.57588
 1.0 11.50096
 1.0 11.9302
 1.0 13.01784
 1.0 14.29472
 1.0 14.15842
 1.0 13.85571
 1.0 12.53464
 1.0 11.40099
 1.0 10.06608
 1.0 10.25853
 1.0 9.09879
 1.0 7.86478
 1.0 6.75368
 1.0 6.58197
 1.0 5.76947
 1.0 6.0995
 1.0 5.77714
 1.0 6.59542
 1.0 6.77333
 1.0 7.88729
 1.0 7.63566
 1.0 7.47754
 1.0 8.76718
 1.0 8.98626
 1.0 9.11702
 1.0 7.88446
 1.0 7.63491
 1.0 8.99056
 1.0 9.11945
 1.0 8.27106
 1.0 6.77373
 1.0 6.11036
 1.0 6.77289
 1.0 6.59789
 1.0 7.21734
 1.0 6.59916
 1.0 6.77413
 2.0 6.5996
 1.0 5.21815
 1.0 5.57691
 1.0 4.58075
 1.0 3.52734
 2.0 2.9207
 2.0 2.48919
 1.0 2.914
 1.0 3.51625
 1.0 4.57222
 3.0 4.31262
 3.0 5.20803
 1.0 5.56943
 1.0 10.40355
 1.0 10.94695
 1.0 11.92949
 1.0 13.25284
 1.0 13.16512
 1.0 12.77853
 1.0 11.40074
 1.0 10.3682
 1.0 8.96619
 1.0 9.09634
 1.0 7.86407
 1.0 6.75038
 1.0 5.55651
 1.0 5.19955
 1.0 4.30691
 2.0 4.57351
 1.0 4.3172
 1.0 5.21659
 1.0 5.5804
 1.0 6.77662
 1.0 6.60131
 1.0 6.29586
 3.0 7.47866
 1.0 7.63312
 1.0 7.88588
 2.0 6.77414
 3.0 6.60044
 1.0 8.03458
 1.0 8.27275
 3.0 7.63818
 2.0 6.11218
 1.0 5.78525
 4.0 6.59958
 2.0 6.77288
 1.0 7.48231
 1.0 6.77412
 2.0 6.60085
 1.0 6.29936
 1.0 4.99058
 1.0 5.21763
 1.0 4.3191
 1.0 2.92543
 1.0 2.91875
 1.0 3.51626
 1.0 4.31134
 1.0 4.97832
 1.0 10.3714
 1.0 10.84492
 1.0 11.77053
 1.0 13.16933
 1.0 13.25787
 1.0 12.9341
 1.0 11.50699
 1.0 10.55829
 1.0 9.09969
 1.0 8.97206
 1.0 7.61785
 1.0 6.58027
 1.0 5.20008
 1.0 4.97503
 1.0 3.8339
 1.0 4.31462
 2.0 3.84328
 1.0 4.9895
 1.0 5.22082
 1.0 6.60214
 1.0 6.77497
 2.0 6.59709
 1.0 7.63348
 1.0 7.47976
 1.0 7.63637
 1.0 6.77495
 1.0 8.27274
 1.0 8.77379
 1.0 8.2724
 1.0 6.77453
 1.0 7.63525
 1.0 7.88443
 1.0 8.40965
 1.0 7.48121
 1.0 7.21852
 1.0 6.60003
 1.0 5.21868
 2.0 4.98948
 1.0 3.84398
 1.0 2.4981
 1.0 1.52604
 1.0 2.49027
 1.0 2.91492
 1.0 4.31003
 1.0 5.20639
 1.0 4.97942
 1.0 3.83528
 1.0 4.31006
 1.0 3.83385
 1.0 4.31137
 1.0 3.83675
 1.0 11.80545
 1.0 12.28723
 1.0 13.17058
 1.0 14.59477
 1.0 14.72704
 1.0 14.3821
 1.0 12.93473
 1.0 12.03407
 1.0 10.55881
 1.0 10.3754
 1.0 8.97359
 1.0 8.01489
 1.0 6.58194
 2.0 6.28262
 1.0 4.97613
 2.0 5.20752
 1.0 4.3146
 1.0 5.21337
 1.0 4.98836
 1.0 6.29716
 3.0 6.59582
 1.0 6.76636
 1.0 7.87954
 1.0 7.63019
 1.0 7.47862
 1.0 6.29538
 2.0 6.59664
 1.0 8.03076
 1.0 8.63621
 1.0 8.03042
 2.0 6.59622
 1.0 6.29449
 3.0 7.4775
 2.0 7.63089
 1.0 7.88233
 1.0 6.77003
 2.0 6.59749
 1.0 5.7824
 1.0 3.84543
 2.0 2.49587
 1.0 1.5333
 1.0 0.00774
 1.0 1.52234
 1.0 2.48467
 1.0 3.8338
 1.0 4.30939
 1.0 3.83454
 1.0 2.4858
 1.0 2.91588
 2.0 2.91876
 1.0 2.9178
 3.0 3.521
 1.0 12.03776
 1.0 12.44828
 1.0 13.26287
 1.0 14.73118
 1.0 15.0181
 1.0 14.73269
 1.0 13.26455
 1.0 12.45006
 1.0 10.95934
 1.0 10.56458
 1.0 9.10607
 1.0 8.25698
 1.0 6.7598
 2.0 6.58741
 1.0 5.20751
 1.0 5.56994
 1.0 4.57772
 1.0 5.57392
 2.0 5.21602
 1.0 6.5975
 1.0 7.21352
 1.0 7.47492
 1.0 8.40439
 1.0 7.88093
 2.0 7.63308
 1.0 7.21504
 1.0 8.6362
 1.0 9.45157
 2.0 8.98808
 1.0 7.63235
 1.0 8.76714
 1.0 8.98498
 2.0 9.11457
 2.0 7.88164
 1.0 7.63346
 1.0 4.32038
 1.0 2.92541
 1.0 2.49808
 1.0 1.52962
 1.0 2.49136
 1.0 2.91775
 1.0 4.31131
 1.0 4.5716
 1.0 4.31069
 1.0 2.91683
 1.0 2.48469
 1.0 1.51874
 2.0 2.48809
 1.0 2.91973
 2.0 3.51943
 1.0 4.57467
 2.0 4.31393
 1.0 11.81414
 1.0 12.04029
 1.0 12.94116
 1.0 14.38846
 1.0 14.73476
 1.0 14.60409
 1.0 13.18027
 1.0 12.29693
 1.0 10.85642
 1.0 10.38315
 1.0 8.98132
 1.0 8.0225
 1.0 6.58952
 1.0 6.76596
 2.0 5.57194
 1.0 6.29364
 1.0 5.57542
 1.0 6.77168
 1.0 6.59834
 1.0 8.03216
 1.0 8.63558
 1.0 8.76715
 1.0 9.65314
 1.0 9.1164
 1.0 8.98962
 1.0 8.03145
 3.0 8.63684
 1.0 10.08858
 3.0 10.86635
 2.0 10.39086
 2.0 8.98776
 1.0 8.76809
 2.0 9.96889
 1.0 10.08391
 1.0 10.27523
 1.0 8.98809
 1.0 8.03044
 1.0 6.59666
 1.0 5.78145
 2.0 4.31974
 1.0 3.84686
 1.0 2.49807
 1.0 2.92442
 1.0 2.49024
 1.0 3.83669
 1.0 4.31068
 1.0 2.91686
 1.0 3.83823
 2.0 4.31461
 1.0 4.57408
 2.0 5.56894
 1.0 12.30121
 1.0 12.4563
 1.0 13.27102
 1.0 14.73889
 1.0 15.23082
 1.0 15.15565
 1.0 13.73199
 1.0 12.9463
 1.0 11.51901
 1.0 10.86178
 1.0 9.44808
 1.0 8.63173
 1.0 7.21122
 1.0 7.47715
 1.0 6.29363
 1.0 7.05145
 3.0 6.29539
 1.0 7.48011
 1.0 7.21582
 1.0 8.63686
 2.0 9.45041
 1.0 9.65198
 1.0 10.38926
 1.0 9.65427
 1.0 9.45274
 1.0 9.45215
 1.0 10.86634
 1.0 11.79121
 1.0 11.42256
 1.0 10.08611
 1.0 11.2488
 1.0 11.41891
 1.0 11.52092
 1.0 10.2747
 2.0 10.0864
 2.0 8.98779
 1.0 6.59625
 1.0 5.21496
 2.0 4.98947
 1.0 3.84539
 1.0 4.31841
 1.0 3.84031
 2.0 4.98162
 1.0 5.56842
 2.0 4.57528
 2.0 3.51944
 1.0 2.91879
 2.0 4.31398
 1.0 5.21072
 1.0 5.56795
 1.0 6.7639
 1.0 5.77374
 1.0 11.55325
 1.0 11.78394
 1.0 12.45651
 1.0 13.95456
 1.0 14.52699
 1.0 14.39443
 1.0 12.94694
 1.0 12.3012
 1.0 10.86049
 1.0 10.08366
 1.0 8.63237
 1.0 8.02594
 1.0 6.59244
 1.0 6.76881
 1.0 5.57391
 1.0 5.5759
 1.0 6.77208
 1.0 8.03146
 1.0 8.98777
 1.0 9.11487
 1.0 9.65399
 1.0 8.76998
 1.0 8.63812
 1.0 8.03213
 3.0 8.98961
 1.0 10.39218
 4.0 11.42376
 1.0 11.25175
 2.0 9.96999
 1.0 10.085
 2.0 11.41988
 1.0 11.78673
 1.0 11.95083
 1.0 10.68199
 1.0 10.27686
 1.0 9.11611
 1.0 7.88235
 1.0 6.76964
 1.0 5.57342
 1.0 4.3184
 2.0 5.21225
 1.0 6.58735
 1.0 6.76222
 1.0 5.56743
 1.0 4.57163
 1.0 3.51787
 1.0 4.57288
 1.0 5.56845
 1.0 6.28613
 1.0 7.47121
 1.0 7.20775
 2.0 6.76387
 1.0 12.30572
 1.0 12.4603
 1.0 13.0391
 1.0 14.5308
 1.0 15.235
 1.0 15.15985
 1.0 13.73602
 1.0 13.18783
 1.0 11.78911
 1.0 10.86534
 1.0 9.4513
 1.0 8.98716
 1.0 7.63199
 1.0 7.88374
 1.0 6.77043
 1.0 7.4801
 1.0 6.77084
 1.0 7.88444
 1.0 8.98838
 1.0 10.08583
 1.0 10.27549
 1.0 10.68457
 1.0 9.65484
 1.0 9.45332
 1.0 8.9896
 1.0 10.08802
 1.0 12.55645
 2.0 12.4625
 1.0 11.24977
 1.0 12.79755
 1.0 13.18486
 1.0 13.2733
 1.0 11.95014
 1.0 11.52261
 1.0 10.27633
 1.0 9.11488
 1.0 7.88165
 1.0 6.76799
 1.0 5.77947
 2.0 6.59325
 1.0 6.29049
 1.0 7.47301
 1.0 7.87528
 1.0 5.56644
 1.0 4.57287
 1.0 5.56747
 1.0 6.76391
 1.0 7.4701
 1.0 8.76146
 1.0 8.6285
 2.0 7.62726
 1.0 11.82351
 1.0 12.04856
 1.0 12.46073
 1.0 13.95872
 1.0 14.74339
 1.0 14.6128
 1.0 13.18866
 1.0 12.79995
 1.0 11.42159
 1.0 10.3906
 1.0 8.7684
 1.0 7.47749
 1.0 7.63344
 2.0 6.59579
 1.0 7.21581
 1.0 6.59621
 1.0 7.63417
 2.0 7.47861
 1.0 8.76967
 2.0 9.97
 1.0 10.08528
 1.0 10.27764
 1.0 9.11759
 1.0 8.99083
 2.0 8.77155
 2.0 9.97221
 2.0 11.25297
 2.0 12.4636
 1.0 12.55579
 1.0 11.42084
 1.0 11.78767
 2.0 13.1857
 1.0 13.73256
 1.0 13.87366
 1.0 12.55183
 1.0 11.95223
 1.0 10.68331
 2.0 9.65199
 1.0 8.40506
 1.0 7.21311
 1.0 7.62869
 1.0 7.473
 1.0 8.76235
 1.0 8.97878
 1.0 9.10755
 1.0 7.87458
 1.0 6.7606
 1.0 5.56545
 1.0 6.28527
 1.0 7.47085
 2.0 8.39779
 1.0 9.64567
 1.0 9.44336
 4.0 9.10939
 2.0 12.80451
 1.0 12.95271
 1.0 13.27895
 1.0 14.74678
 1.0 15.64118
 1.0 15.56799
 1.0 14.1846
 1.0 13.87966
 1.0 12.55757
 1.0 11.42572
 1.0 10.08969
 1.0 9.97222
 1.0 8.76966
 1.0 8.03006
 1.0 8.02937
 1.0 8.98837
 2.0 8.76776
 1.0 11.24953
 1.0 11.42036
 1.0 11.52378
 1.0 10.27817
 1.0 10.08911
 1.0 11.25198
 1.0 12.46359
 1.0 13.73719
 1.0 13.87684
 1.0 12.79841
 1.0 14.60936
 1.0 15.15597
 1.0 15.23298
 1.0 13.87287
 1.0 13.27477
 1.0 11.95155
 1.0 10.96894
 1.0 9.65113
 1.0 8.76525
 1.0 8.63362
 1.0 8.02693
 1.0 8.98372
 1.0 8.76393
 1.0 9.9644
 1.0 10.07811
 1.0 10.26874
 1.0 7.87388
 1.0 6.76143
 1.0 7.46974
 1.0 8.76147
 1.0 9.64452
 1.0 10.96312
 2.0 10.85742
 3.0 10.38205
 1.0 12.83814
 1.0 12.80538
 1.0 13.19456
 1.0 14.61792
 1.0 15.56959
 1.0 15.64562
 1.0 14.32376
 1.0 13.96608
 1.0 12.7139
 1.0 11.53007
 1.0 10.28306
 1.0 10.09079
 1.0 8.99054
 1.0 9.4548
 1.0 8.63748
 1.0 9.45392
 1.0 8.98868
 1.0 10.08831
 1.0 11.25101
 1.0 12.46138
 1.0 12.55425
 1.0 12.70995
 1.0 11.52546
 1.0 11.42521
 1.0 13.738
 1.0 14.95499
 1.0 15.03154
 1.0 13.87524
 1.0 14.17833
 1.0 15.56102
 1.0 16.02669
 1.0 16.14759
 1.0 14.81917
 1.0 14.31543
 1.0 13.03847
 1.0 11.95084
 1.0 10.68175
 1.0 9.65027
 1.0 9.44952
 1.0 8.63297
 1.0 9.44715
 1.0 8.98279
 1.0 10.08057
 1.0 10.26872
 1.0 10.67627
 1.0 9.64595
 1.0 8.39812
 2.0 7.46973
 1.0 8.39847
 1.0 9.64626
 2.0 10.38019
 2.0 11.6821
 1.0 11.51563
 1.0 8.62914
 1.0 7.20851
 1.0 11.53297
 1.0 11.42865
 1.0 11.79735
 1.0 13.19498
 1.0 14.18774
 1.0 14.32551
 1.0 13.04847
 1.0 12.71609
 1.0 11.53031
 1.0 10.28523
 1.0 9.12371
 1.0 8.99332
 1.0 8.03387
 1.0 8.6407
 1.0 8.03317
 1.0 8.99209
 1.0 8.77125
 1.0 9.97334
 1.0 10.08721
 1.0 11.42329
 1.0 12.5558
 2.0 12.55756
 2.0 11.42522
 1.0 11.52788
 1.0 13.87944
 1.0 15.03338
 1.0 15.16073
 1.0 13.95951
 1.0 14.31503
 1.0 15.63602
 1.0 16.14758
 1.0 16.4101
 1.0 15.15599
 1.0 14.61071
 1.0 13.41987
 1.0 12.30278
 1.0 11.14384
 2.0 10.08256
 1.0 9.65227
 1.0 8.76618
 1.0 9.64995
 1.0 9.11088
 1.0 10.27087
 1.0 10.676
 1.0 11.13834
 2.0 10.07787
 2.0 8.97759
 1.0 8.01904
 1.0 8.97731
 1.0 10.07762
 2.0 10.85436
 1.0 12.04121
 2.0 10.96236
 1.0 10.8564
 1.0 10.07869
 1.0 8.7624
 1.0 7.47232
 2.0 6.76471
 1.0 5.56993
 1.0 10.43442
 1.0 10.39435
 1.0 10.86968
 1.0 12.30954
 2.0 13.19287
 1.0 13.28251
 1.0 11.95943
 1.0 11.52911
 1.0 10.28252
 1.0 9.1228
 1.0 7.88938
 2.0 7.63781
 2.0 6.6
 2.0 7.21966
 2.0 7.63708
 2.0 7.48084
 3.0 8.77157
 1.0 8.98807
 1.0 11.42232
 1.0 11.25077
 2.0 10.39244
 1.0 10.5787
 1.0 12.8021
 1.0 13.87804
 1.0 13.9605
 1.0 12.70733
 1.0 13.03759
 2.0 14.31386
 1.0 14.81877
 1.0 15.15562
 1.0 13.95575
 1.0 13.41924
 1.0 12.30256
 1.0 11.14334
 2.0 8.98254
 1.0 8.40471
 1.0 7.4749
 1.0 8.40238
 1.0 7.87667
 1.0 9.10906
 1.0 9.64449
 2.0 10.07703
 1.0 8.01799
 1.0 7.03886
 1.0 8.01732
 1.0 8.97699
 1.0 9.76223
 1.0 9.64423
 1.0 9.4419
 1.0 8.62657
 1.0 7.4712
 2.0 6.28745
 1.0 10.39542
 1.0 10.57769
 1.0 10.97425
 1.0 12.46452
 2.0 13.27958
 1.0 13.1933
 1.0 11.79476
 1.0 11.4267
 1.0 10.09107
 1.0 8.99303
 2.0 7.48307
 2.0 6.29846
 2.0 6.60127
 1.0 5.78429
 1.0 6.60084
 2.0 6.29758
 3.0 7.48195
 1.0 7.63381
 1.0 8.989
 1.0 10.08749
 1.0 9.97111
 1.0 10.08885
 1.0 8.99053
 1.0 9.12033
 1.0 8.99084
 1.0 10.08912
 1.0 11.42473
 1.0 12.55734
 1.0 12.70996
 1.0 11.52307
 1.0 11.95175
 1.0 13.27434
 1.0 13.87365
 1.0 14.17815
 1.0 12.94736
 1.0 12.30391
 1.0 11.14484
 1.0 10.08393
 1.0 8.98409
 1.0 8.02491
 1.0 7.47677
 1.0 6.76715
 1.0 7.8788
 1.0 7.62724
 1.0 8.98126
 1.0 9.6448
 1.0 7.4675
 1.0 7.03888
 1.0 8.97668
 1.0 10.07733
 1.0 9.64596
 1.0 9.1085
 1.0 8.9813
 1.0 8.02352
 2.0 6.58992
 1.0 5.56944
 2.0 5.21124
 1.0 4.31523
 1.0 2.92066
 3.0 2.49029
 1.0 11.82774
 1.0 12.05271
 1.0 12.46474
 1.0 13.9627
 1.0 14.74754
 1.0 14.61698
 1.0 12.80429
 1.0 11.42597
 1.0 10.39488
 1.0 8.99241
 1.0 8.77284
 1.0 9.97223
 1.0 10.08803
 1.0 10.28034
 1.0 9.12002
 1.0 8.99268
 1.0 8.77345
 1.0 9.97444
 1.0 11.25495
 1.0 12.46583
 1.0 12.55801
 1.0 11.42328
 1.0 11.79004
 1.0 13.18823
 1.0 13.73499
 1.0 13.87567
 1.0 12.55361
 1.0 11.9541
 1.0 10.68487
 1.0 9.65372
 1.0 8.40639
 1.0 7.47678
 1.0 7.21544
 1.0 7.47525
 1.0 8.76427
 1.0 9.10879
 1.0 7.87601
 1.0 6.76144
 1.0 5.56646
 1.0 6.28617
 1.0 7.47235
 1.0 8.39912
 1.0 9.64741
 1.0 9.44573
 1.0 8.98222
 1.0 9.11245
 1.0 8.26469
 1.0 6.76717
 1.0 6.59329
 1.0 4.98502
 1.0 3.84109
 1.0 2.49364
 2.0 1.52602
 1.0 12.05364
 1.0 12.46274
 1.0 12.80082
 1.0 14.31795
 1.0 15.03304
 1.0 14.74792
 2.0 12.954
 1.0 11.52646
 1.0 10.57873
 1.0 9.11975
 1.0 8.99055
 1.0 7.63526
 1.0 5.7843
 1.0 7.48196
 1.0 8.98992
 1.0 9.12003
 2.0 7.88724
 1.0 7.63851
 2.0 7.48417
 1.0 8.77409
 1.0 9.97556
 1.0 11.2557
 1.0 11.4262
 1.0 10.39246
 1.0 12.30683
 1.0 12.95143
 1.0 13.04103
 1.0 11.69066
 1.0 10.97351
 1.0 9.65547
 1.0 8.77002
 1.0 6.76923
 1.0 6.59791
 1.0 6.29537
 1.0 7.63016
 1.0 8.98374
 1.0 8.98068
 1.0 6.58783
 1.0 5.56698
 1.0 6.76516
 1.0 7.87603
 1.0 9.11126
 1.0 8.98471
 2.0 8.7659
 1.0 8.98656
 1.0 8.0294
 1.0 6.29453
 1.0 4.98615
 1.0 5.2155
 1.0 4.31846
 1.0 2.92542
 1.0 2.49252
 1.0 11.82704
 1.0 12.30638
 1.0 12.46318
 1.0 13.96151
 1.0 14.74716
 1.0 14.40289
 1.0 12.95528
 1.0 11.42621
 1.0 10.39434
 1.0 8.99179
 1.0 9.11974
 1.0 7.88585
 1.0 7.63817
 1.0 6.60043
 2.0 6.777
 1.0 8.99272
 1.0 9.12126
 1.0 8.99424
 1.0 7.63998
 1.0 7.48751
 1.0 7.64108
 1.0 8.99518
 1.0 10.09436
 1.0 11.42936
 1.0 11.7964
 1.0 10.86916
 1.0 11.52695
 1.0 13.73844
 1.0 13.87909
 1.0 12.55672
 1.0 11.69446
 1.0 10.39278
 1.0 9.65604
 1.0 8.40805
 1.0 7.88237
 1.0 7.63455
 1.0 8.76746
 1.0 8.98435
 2.0 10.38577
 1.0 10.38313
 1.0 8.02145
 1.0 6.58826
 1.0 6.76229
 1.0 7.87816
 1.0 9.10973
 1.0 10.27284
 1.0 10.08422
 1.0 9.96781
 1.0 10.08586
 1.0 7.47865
 1.0 6.29409
 1.0 6.59583
 1.0 5.77905
 1.0 4.31845
 1.0 3.84037
 2.0 2.91779
 1.0 10.39462
 1.0 10.86559
 1.0 10.97248
 1.0 12.46317
 1.0 13.27916
 1.0 12.95592
 1.0 11.52862
 1.0 11.42694
 1.0 10.09134
 1.0 8.9924
 1.0 7.63745
 1.0 7.88655
 1.0 6.60169
 1.0 5.78477
 1.0 6.11399
 1.0 5.78526
 1.0 6.60254
 1.0 7.88798
 1.0 9.12127
 1.0 8.9927
 1.0 8.77599
 1.0 7.4864
 1.0 7.6418
 1.0 7.89078
 1.0 9.12308
 1.0 10.2844
 1.0 11.53005
 1.0 11.95872
 1.0 10.97449
 1.0 11.69253
 1.0 13.04185
 1.0 13.87706
 1.0 14.18148
 1.0 12.95036
 1.0 12.05203
 1.0 10.86536
 1.0 10.08614
 1.0 8.98564
 1.0 8.40374
 1.0 7.62944
 2.0 8.98313
 1.0 9.10998
 1.0 10.56821
 1.0 10.96209
 1.0 10.85537
 1.0 9.44131
 1.0 8.62401
 1.0 7.20276
 1.0 7.46678
 1.0 8.39848
 1.0 9.64424
 1.0 10.67708
 1.0 10.27147
 1.0 10.08091
 1.0 9.96669
 1.0 7.4753
 1.0 7.62947
 1.0 6.59204
 1.0 6.76718
 1.0 6.10311
 2.0 4.57711
 1.0 4.31394
 1.0 3.51942
 2.0 4.57406
 1.0 9.49477
 1.0 10.08613
 1.0 10.27659
 1.0 11.78958
 1.0 12.46363
 1.0 12.05409
 1.0 10.57874
 1.0 10.39381
 1.0 8.99148
 1.0 8.0332
 2.0 6.77331
 1.0 5.57738
 2.0 5.22079
 2.0 4.32356
 1.0 4.58799
 1.0 5.57739
 1.0 7.88656
 1.0 7.63671
 1.0 6.30065
 1.0 6.60252
 1.0 6.77575
 1.0 7.88795
 1.0 9.12125
 1.0 10.28169
 1.0 10.68795
 1.0 9.65542
 1.0 10.39006
 1.0 11.69062
 1.0 12.55403
 1.0 12.9495
 1.0 11.78747
 1.0 10.86407
 1.0 9.7719
 1.0 8.9847
 1.0 8.02458
 1.0 7.47233
 1.0 6.76635
 1.0 8.02315
 1.0 8.25996
 1.0 9.76589
 1.0 10.26658
 1.0 10.07539
 2.0 8.62336
 1.0 8.01591
 1.0 6.75448
 1.0 7.46641
 1.0 8.75672
 1.0 9.64425
 1.0 9.10882
 1.0 8.981
 1.0 8.76496
 2.0 7.47531
 1.0 6.291
 1.0 6.5912
 1.0 5.77473
 1.0 6.10312
 1.0 5.77569
 2.0 4.31396
 1.0 4.57468
 1.0 4.57285
 1.0 9.77786
 1.0 10.2785
 1.0 10.68565
 2.0 12.21164
 1.0 12.80279
 1.0 12.46654
 1.0 10.97578
 2.0 10.57979
 1.0 9.12098
 2.0 8.27276
 1.0 6.77538
 1.0 6.60087
 2.0 5.21974
 1.0 4.99391
 1.0 3.84973
 1.0 4.32677
 1.0 3.84828
 1.0 4.99167
 1.0 5.21652
 1.0 6.59747
 1.0 7.63452
 1.0 7.48082
 1.0 7.63633
 1.0 6.59955
 2.0 6.77409
 1.0 6.59914
 1.0 7.63596
 1.0 8.99052
 1.0 10.08939
 1.0 10.27899
 1.0 9.11668
 1.0 9.65312
 1.0 10.97043
 1.0 11.68872
 1.0 12.04786
 1.0 10.86099
 1.0 10.08475
 1.0 8.98439
 1.0 8.02559
 1.0 7.04516
 1.0 6.28747
 1.0 5.57142
 1.0 6.76305
 2.0 8.25997
 1.0 8.75796
 1.0 7.20198
 1.0 5.19846
 1.0 5.5575
 1.0 6.28131
 1.0 7.46528
 1.0 8.39681
 1.0 7.87532
 1.0 7.6262
 1.0 6.29233
 1.0 4.98393
 1.0 5.21018
 1.0 4.31267
 2.0 4.57713
 1.0 2.91878
 1.0 4.31007
 1.0 4.98168
 1.0 3.83892
 1.0 11.28931
 1.0 11.79172
 1.0 13.73764
 1.0 14.3201
 1.0 13.96471
 1.0 12.46631
 1.0 12.05526
 1.0 9.77899
 1.0 8.03493
 1.0 6.60129
 1.0 6.30201
 1.0 4.99392
 1.0 5.22345
 1.0 4.32613
 1.0 5.22185
 1.0 4.99056
 1.0 6.29801
 1.0 7.63634
 1.0 6.6004
 1.0 6.29976
 1.0 7.48416
 1.0 8.77376
 1.0 9.97555
 1.0 10.09133
 1.0 8.99147
 1.0 9.45393
 1.0 10.86789
 1.0 11.52598
 1.0 11.69255
 1.0 10.39062
 1.0 9.65661
 1.0 8.40871
 1.0 7.48013
 1.0 6.2941
 1.0 5.57394
 1.0 5.21869
 1.0 8.02766
 1.0 8.26201
 1.0 8.02319
 1.0 6.58995
 1.0 5.77137
 2.0 4.30948
 1.0 4.56988
 1.0 5.56899
 1.0 6.76311
 1.0 7.87886
 1.0 7.63204
 1.0 7.63604
 1.0 6.60047
 1.0 5.21977
 1.0 4.98951
 1.0 3.84474
 2.0 4.32234
 1.0 3.84402
 2.0 2.49591
 1.0 2.92068
 1.0 2.48807
 1.0 4.97945
 1.0 5.21016
 1.0 4.31588
 1.0 11.79455
 1.0 12.21348
 1.0 12.80258
 1.0 14.31991
 1.0 14.82705
 1.0 14.53731
 1.0 13.04508
 1.0 12.46744
 1.0 10.97655
 1.0 10.28309
 1.0 8.77477
 1.0 8.27411
 1.0 6.77661
 1.0 6.60339
 1.0 5.2224
 1.0 5.58236
 1.0 4.58677
 1.0 5.57985
 1.0 5.21704
 1.0 6.59703
 1.0 7.63378
 1.0 7.88442
 1.0 8.4093
 1.0 7.48006
 1.0 7.21577
 1.0 6.59786
 1.0 7.63595
 1.0 8.98989
 1.0 10.08966
 1.0 9.97332
 1.0 10.39219
 1.0 10.97198
 1.0 9.65343
 1.0 9.11763
 1.0 7.88306
 1.0 6.77087
 1.0 5.57344
 1.0 4.57955
 1.0 4.32423
 1.0 3.84903
 1.0 5.21708
 2.0 6.76513
 1.0 6.58994
 1.0 5.20966
 1.0 2.91407
 1.0 3.51477
 1.0 4.57473
 1.0 5.56748
 1.0 6.76598
 1.0 6.59585
 1.0 6.29587
 1.0 6.6009
 1.0 5.78674
 1.0 4.32618
 1.0 3.84762
 2.0 2.49814
 2.0 2.93116
 1.0 2.49704
 1.0 1.53155
 1.0 2.91781
 1.0 4.30943
 1.0 5.2075
 1.0 5.57044
 1.0 4.57833
 1.0 3.52417
 1.0 2.91971
 1.0 11.28784
 1.0 11.79149
 1.0 12.46276
 1.0 13.96154
 1.0 14.31953
 1.0 13.96353
 1.0 12.46499
 1.0 11.79384
 1.0 10.28093
 1.0 9.77815
 1.0 8.27176
 2.0 7.63821
 1.0 6.11221
 1.0 5.78624
 1.0 4.32487
 1.0 4.58617
 1.0 3.53042
 1.0 4.58251
 1.0 4.3171
 1.0 5.77753
 1.0 6.59366
 2.0 6.76876
 1.0 7.47746
 1.0 6.76792
 1.0 6.59279
 1.0 5.77752
 1.0 6.59533
 1.0 8.02795
 1.0 8.98742
 1.0 8.7687
 1.0 7.47859
 1.0 7.63234
 1.0 8.40373
 1.0 7.88094
 1.0 6.76595
 2.0 5.57143
 1.0 4.57348
 1.0 3.51947
 1.0 2.92638
 1.0 2.49813
 1.0 4.31912
 1.0 5.77858
 1.0 6.09949
 1.0 5.77089
 1.0 4.30884
 1.0 3.82811
 1.0 2.47475
 1.0 2.90264
 1.0 3.5132
 2.0 4.56805
 1.0 5.56699
 1.0 5.21288
 1.0 4.9873
 1.0 5.2214
 1.0 4.32749
 1.0 2.93496
 1.0 2.49817
 1.0 1.52797
 1.0 2.4993
 1.0 2.92358
 1.0 2.49146
 2.0 3.83604
 2.0 5.77037
 1.0 6.58824
 1.0 6.76554
 1.0 4.3133
 1.0 12.05343
 1.0 12.46478
 1.0 13.27814
 1.0 14.74681
 1.0 15.03436
 1.0 14.74813
 1.0 13.27961
 1.0 12.46633
 1.0 10.97529
 1.0 10.57982
 1.0 9.1207
 1.0 8.27345
 1.0 6.77581
 1.0 6.6013
 1.0 5.57838
 1.0 4.58191
 1.0 5.57436
 1.0 5.21116
 1.0 6.59111
 1.0 7.20961
 1.0 7.47486
 1.0 8.404
 1.0 7.87875
 1.0 7.62719
 1.0 6.59026
 1.0 7.21114
 2.0 8.631
 1.0 9.44829
 1.0 8.98495
 1.0 7.63086
 2.0 7.47637
 1.0 8.98591
 1.0 9.11244
 1.0 7.8774
 1.0 7.62872
 1.0 6.58949
 1.0 5.20963
 1.0 2.91498
 1.0 2.497
 1.0 1.53879
 2.0 2.92927
 1.0 4.31977
 1.0 4.30883
 1.0 2.91312
 1.0 2.47474
 1.0 1.50053
 1.0 2.47025
 1.0 2.90932
 1.0 3.5116
 1.0 4.57169
 1.0 4.31722
 1.0 3.84549
 1.0 4.32814
 1.0 3.85413
 1.0 2.50815
 1.0 1.53522
 1.0 0.02009
 1.0 1.53706
 1.0 2.4926
 1.0 4.31138
 1.0 6.58612
 1.0 7.2066
 1.0 7.47419
 1.0 6.29189
 1.0 5.2091
 1.0 11.82706
 1.0 12.05436
 1.0 12.95402
 1.0 14.40177
 1.0 14.74851
 1.0 14.61682
 1.0 13.19248
 1.0 12.31024
 1.0 10.86919
 1.0 10.39544
 1.0 8.99275
 1.0 8.03564
 1.0 6.60173
 1.0 6.77537
 1.0 5.57888
 1.0 6.29713
 1.0 5.57487
 1.0 6.59154
 1.0 8.02448
 1.0 8.62972
 2.0 8.76425
 1.0 9.6502
 1.0 9.11207
 1.0 8.98245
 1.0 8.02377
 1.0 10.08192
 1.0 10.86118
 1.0 10.38574
 1.0 8.98371
 1.0 9.96663
 1.0 10.08196
 1.0 10.27088
 1.0 9.10846
 1.0 8.98157
 1.0 8.02176
 2.0 6.58864
 1.0 4.30879
 1.0 2.92351
 1.0 2.49589
 1.0 3.8411
 1.0 4.3088
 1.0 4.56861
 1.0 3.51314
 1.0 2.90355
 1.0 2.47135
 1.0 3.82302
 1.0 4.30367
 1.0 4.56437
 1.0 5.56297
 1.0 5.20805
 1.0 4.58259
 2.0 4.32168
 1.0 2.92733
 1.0 2.4892
 1.0 1.5151
 1.0 0.01828
 1.0 1.5188
 1.0 2.48585
 1.0 3.83313
 1.0 4.97721
 1.0 6.28435
 1.0 6.5874
 1.0 5.57144
 1.0 5.2107
 1.0 12.80454
 1.0 12.95554
 1.0 13.96433
 1.0 15.36757
 1.0 15.64318
 1.0 15.56874
 1.0 14.18523
 1.0 13.19333
 1.0 11.79432
 1.0 11.42771
 1.0 10.09166
 1.0 8.99368
 1.0 7.88728
 1.0 6.77291
 1.0 7.47972
 1.0 6.76877
 1.0 7.88018
 1.0 7.6272
 1.0 8.98122
 1.0 9.44359
 1.0 9.64762
 1.0 10.67934
 1.0 10.27165
 1.0 10.07971
 1.0 8.97997
 1.0 9.44475
 1.0 10.8581
 1.0 11.5182
 1.0 10.85863
 1.0 9.44536
 1.0 8.98124
 1.0 10.0814
 1.0 9.96441
 1.0 10.07838
 1.0 8.97785
 1.0 9.10845
 1.0 8.25827
 1.0 6.76139
 1.0 6.09579
 1.0 4.56981
 1.0 2.92637
 1.0 2.49477
 1.0 1.53699
 1.0 2.91308
 1.0 3.51313
 1.0 2.91022
 1.0 2.47134
 1.0 2.90548
 3.0 4.30109
 1.0 4.5662
 1.0 4.30171
 1.0 4.97946
 1.0 3.83894
 1.0 4.58379
 1.0 3.5289
 1.0 2.91877
 1.0 2.4836
 1.0 1.52428
 1.0 2.48586
 1.0 3.8353
 1.0 4.97722
 1.0 7.46859
 1.0 7.62437
 1.0 7.87814
 1.0 6.76678
 1.0 6.59161
 1.0 12.58816
 1.0 12.80304
 1.0 13.8787
 1.0 15.23904
 1.0 15.36613
 1.0 15.23922
 1.0 13.8789
 1.0 12.80325
 1.0 11.42455
 1.0 11.25453
 1.0 9.97339
 1.0 8.77321
 1.0 7.48201
 1.0 7.63456
 1.0 6.59581
 1.0 7.21235
 1.0 6.59114
 1.0 7.62649
 1.0 7.46965
 1.0 8.75916
 1.0 8.97689
 1.0 9.1066
 1.0 10.26869
 1.0 10.07779
 1.0 9.9599
 2.0 8.75724
 2.0 8.9775
 1.0 10.37929
 1.0 10.85555
 1.0 10.07642
 1.0 8.62586
 1.0 8.01896
 1.0 8.97877
 1.0 8.75919
 1.0 8.97507
 1.0 8.01482
 1.0 8.2549
 1.0 7.61813
 1.0 6.09214
 1.0 5.76314
 1.0 4.30105
 1.0 3.83386
 1.0 2.48812
 1.0 1.51699
 1.0 0.02413
 1.0 1.52254
 1.0 2.47471
 1.0 2.90162
 1.0 2.46909
 2.0 2.89687
 1.0 3.50369
 1.0 4.55769
 1.0 4.29721
 1.0 3.81792
 1.0 4.29849
 1.0 3.82954
 2.0 2.48479
 1.0 2.92738
 1.0 3.52893
 1.0 2.92451
 1.0 2.4814
 1.0 2.90925
 2.0 2.48589
 1.0 3.83316
 1.0 4.97723
 1.0 6.28436
 2.0 7.4686
 1.0 8.75828
 1.0 8.97882
 1.0 9.11094
 1.0 7.87884
 1.0 7.62765
 1.0 7.47083
 1.0 13.73847
 1.0 13.88032
 1.0 15.034
 1.0 16.34584
 1.0 16.41692
 1.0 16.34549
 1.0 15.03363
 1.0 13.87991
 1.0 12.55762
 1.0 12.4659
 1.0 11.25378
 1.0 9.97451
 1.0 8.77194
 1.0 8.98872
 1.0 8.0287
 1.0 8.63234
 1.0 8.02417
 1.0 8.98062
 1.0 8.75948
 1.0 9.95991
 1.0 10.07476
 1.0 10.26653
 1.0 11.51411
 1.0 11.41254
 1.0 11.23934
 1.0 9.95767
 2.0 10.0753
 1.0 11.41009
 1.0 11.77938
 1.0 10.853
 1.0 9.44036
 1.0 8.62329
 1.0 9.44067
 1.0 8.9763
 1.0 9.10173
 2.0 8.25119
 1.0 8.75475
 1.0 8.25187
 2.0 6.75482
 1.0 6.57893
 1.0 5.19842
 1.0 4.97834
 2.0 3.83824
 1.0 2.48701
 1.0 1.52986
 1.0 0.02603
 1.0 1.50049
 1.0 2.46907
 1.0 2.90356
 2.0 3.50368
 1.0 4.56258
 1.0 5.55549
 1.0 5.19631
 1.0 4.29591
 1.0 4.56071
 1.0 4.30624
 1.0 2.91596
 1.0 3.52894
 1.0 4.58198
 1.0 4.31783
 2.0 3.83242
 1.0 4.30622
 1.0 3.83533
 1.0 4.97724
 1.0 6.28569
 1.0 8.75923
 2.0 9.95998
 1.0 10.27201
 1.0 9.11216
 1.0 8.76114
 1.0 13.76437
 1.0 13.96216
 1.0 15.16061
 1.0 16.41522
 1.0 16.34414
 1.0 16.22437
 1.0 14.95394
 2.0 13.73747
 1.0 12.46255
 1.0 12.55697
 1.0 11.42286
 1.0 10.08865
 1.0 8.98844
 1.0 9.1149
 1.0 8.26436
 1.0 8.76334
 1.0 8.25962
 1.0 9.1063
 1.0 8.97535
 1.0 10.07311
 2.0 9.95545
 1.0 10.07284
 1.0 11.40963
 1.0 11.51121
 1.0 11.40741
 1.0 10.07033
 1.0 11.23514
 1.0 11.40766
 2.0 10.37395
 1.0 8.97318
 1.0 8.01306
 1.0 8.62072
 1.0 8.01343
 1.0 8.24782
 1.0 7.61082
 1.0 8.24816
 1.0 8.00858
 1.0 6.57513
 1.0 6.74866
 1.0 5.55396
 1.0 5.20164
 1.0 4.30885
 1.0 2.91027
 1.0 2.48711
 1.0 1.51534
 1.0 2.46914
 1.0 2.89494
 2.0 3.50209
 1.0 4.5571
 1.0 5.55501
 1.0 6.27245
 1.0 5.55198
 1.0 4.55341
 1.0 4.29203
 1.0 3.82374
 1.0 2.47922
 1.0 2.92456
 1.0 4.31785
 1.0 4.57714
 1.0 4.30495
 1.0 5.20057
 1.0 4.97725
 2.0 6.28438
 1.0 7.46861
 1.0 8.75829
 1.0 11.23992
 1.0 11.4131
 1.0 11.51805
 1.0 10.27256
 1.0 10.0809
 1.0 9.96222
 1.0 12.55408
 1.0 12.70959
 1.0 13.96017
 1.0 15.16062
 1.0 15.03217
 1.0 14.95395
 1.0 13.73565
 2.0 12.46256
 1.0 11.25033
 1.0 11.42262
 1.0 10.38931
 1.0 8.98814
 1.0 8.0284
 1.0 8.26437
 1.0 7.62728
 1.0 8.01933
 1.0 8.97599
 1.0 9.10263
 1.0 10.26273
 1.0 10.07063
 1.0 9.95547
 1.0 11.2374
 1.0 11.40889
 1.0 11.50831
 1.0 10.26001
 1.0 10.07007
 1.0 11.40522
 1.0 11.50759
 1.0 10.55712
 1.0 9.09927
 1.0 8.24814
 1.0 8.75093
 1.0 8.24748
 1.0 8.74585
 1.0 8.24277
 1.0 8.74649
 1.0 8.61171
 1.0 7.19036
 1.0 7.45444
 1.0 6.27021
 1.0 5.55597
 1.0 4.56318
 1.0 2.90458
 1.0 2.46916
 1.0 3.81503
 1.0 4.28814
 2.0 4.55159
 1.0 5.5475
 1.0 6.26981
 1.0 7.02465
 1.0 6.26668
 1.0 5.54397
 1.0 5.18346
 1.0 4.29074
 1.0 2.47811
 2.0 3.83173
 1.0 4.30689
 1.0 4.5595
 1.0 5.55546
 1.0 5.20005
 1.0 7.61963
 1.0 8.9748
 1.0 10.07428
 1.0 11.40992
 1.0 11.51346
 1.0 11.4153
 1.0 10.08036
 1.0 9.96334
 2.0 10.07704
 2.0 10.26685
 2.0 11.51441
 1.0 9.1097
 1.0 7.8767
 1.0 11.2849
 1.0 11.52459
 1.0 12.70871
 1.0 13.96137
 1.0 13.87832
 1.0 11.25256
 1.0 9.97117
 1.0 10.08783
 1.0 8.98752
 1.0 7.63424
 1.0 6.59544
 1.0 6.7676
 1.0 6.10129
 1.0 6.58525
 1.0 7.62104
 1.0 7.86889
 1.0 9.10172
 1.0 8.97226
 1.0 8.75474
 1.0 9.95771
 1.0 10.07367
 1.0 10.26219
 1.0 9.09926
 1.0 8.97163
 1.0 10.56028
 1.0 9.75731
 1.0 8.25152
 1.0 7.61447
 1.0 8.01135
 1.0 8.61429
 1.0 8.00615
 1.0 8.24616
 1.0 8.00617
 1.0 6.57134
 1.0 6.74456
 1.0 5.54797
 1.0 4.55829
 1.0 3.5037
 1.0 2.89592
 1.0 2.46804
 1.0 2.89978
 1.0 4.29141
 1.0 4.54975
 1.0 4.28622
 2.0 5.18404
 1.0 5.54551
 1.0 6.26404
 1.0 5.54299
 1.0 5.18134
 1.0 4.95377
 1.0 3.81213
 1.0 2.46238
 1.0 1.50426
 1.0 2.47923
 1.0 2.90835
 1.0 3.50049
 1.0 4.55767
 1.0 5.76414
 1.0 6.58066
 1.0 8.01486
 1.0 8.97356
 1.0 10.37616
 1.0 10.56351
 1.0 10.3818
 1.0 8.98007
 1.0 8.76051
 2.0 8.97665
 1.0 9.10452
 1.0 6.76265
 1.0 5.56793
 1.0 11.52217
 1.0 11.95344
 1.0 13.03914
 1.0 14.31722
 1.0 14.18192
 1.0 13.87731
 1.0 12.55497
 1.0 11.42335
 1.0 10.08699
 1.0 10.27799
 1.0 9.11584
 1.0 7.88451
 1.0 6.77009
 2.0 6.59374
 1.0 5.7752
 1.0 6.09945
 1.0 6.58356
 1.0 6.7552
 1.0 7.86748
 1.0 7.61665
 1.0 7.46409
 1.0 8.75569
 1.0 8.97381
 1.0 9.09987
 1.0 7.86464
 1.0 7.61591
 1.0 8.9707
 1.0 9.1011
 1.0 8.25085
 1.0 6.75397
 1.0 6.08848
 1.0 6.57936
 1.0 7.19423
 1.0 6.57218
 1.0 6.74783
 1.0 6.57092
 1.0 5.18826
 1.0 5.54696
 1.0 2.9017
 1.0 2.46691
 1.0 2.90652
 1.0 3.51008
 1.0 4.55773
 1.0 4.28948
 1.0 3.81069
 1.0 4.95716
 1.0 5.18673
 1.0 5.5435
 1.0 4.54673
 1.0 4.28366
 1.0 3.80778
 1.0 2.46016
 1.0 1.49692
 1.0 0.03219
 1.0 1.52628
 1.0 2.48708
 1.0 2.90168
 1.0 4.29916
 1.0 6.09403
 1.0 6.75733
 1.0 8.25461
 1.0 9.1033
 2.0 10.56192
 1.0 10.96059
 2.0 10.85743
 1.0 9.44426
 1.0 8.98006
 1.0 9.10635
 1.0 8.76112
 1.0 7.62581
 1.0 5.20855
 1.0 11.81721
 1.0 12.3017
 1.0 13.41679
 1.0 14.60886
 1.0 14.31452
 1.0 13.95719
 1.0 12.70478
 1.0 11.52097
 1.0 10.27366
 1.0 10.68153
 1.0 9.64973
 1.0 8.40478
 1.0 7.4746
 1.0 7.20816
 2.0 6.58273
 1.0 7.19961
 1.0 7.46222
 1.0 8.39011
 1.0 7.86465
 1.0 7.61556
 1.0 8.97165
 1.0 9.43477
 1.0 9.63551
 1.0 8.38678
 1.0 7.86323
 1.0 9.09651
 1.0 8.96916
 1.0 8.0089
 1.0 6.57594
 1.0 5.75732
 1.0 6.08665
 1.0 5.7583
 1.0 6.57089
 1.0 6.26662
 1.0 6.5692
 1.0 6.74206
 1.0 5.54544
 1.0 6.26577
 1.0 5.54647
 1.0 4.55587
 1.0 4.29726
 1.0 3.8187
 1.0 4.30117
 1.0 4.56324
 1.0 5.55253
 1.0 5.18671
 1.0 4.95715
 1.0 6.2676
 1.0 6.56972
 1.0 6.74048
 1.0 5.54249
 1.0 5.18189
 1.0 4.283
 1.0 2.88924
 1.0 2.46919
 1.0 1.51905
 1.0 2.4871
 1.0 3.83393
 1.0 4.29852
 1.0 5.76174
 1.0 6.09404
 1.0 7.62002
 1.0 8.25462
 1.0 9.7608
 1.0 12.03726
 1.0 12.45115
 1.0 12.2976
 1.0 10.38179
 1.0 10.56508
 1.0 10.3791
 1.0 11.4126
 1.0 11.24238
 1.0 8.7608
 1.0 8.98066
 1.0 8.02281
 1.0 6.58948
 1.0 5.77421
 1.0 5.77517
 2.0 4.57648
 1.0 12.29898
 1.0 12.94634
 1.0 13.9544
 1.0 15.15549
 1.0 14.81997
 1.0 14.31335
 1.0 13.03574
 1.0 11.95043
 1.0 10.68075
 1.0 11.14338
 1.0 10.08204
 1.0 8.98506
 1.0 8.02565
 1.0 7.47273
 1.0 6.76227
 1.0 6.58529
 1.0 6.28169
 1.0 6.58061
 1.0 6.75315
 1.0 7.46035
 1.0 6.75067
 1.0 6.57806
 1.0 8.01273
 1.0 8.61814
 1.0 8.74901
 1.0 7.45662
 1.0 6.74903
 1.0 7.86181
 1.0 7.61336
 1.0 6.57425
 1.0 5.1941
 1.0 4.29455
 1.0 4.56067
 1.0 4.29782
 1.0 5.18985
 1.0 4.95707
 1.0 5.1861
 1.0 5.54443
 1.0 4.54912
 1.0 5.54496
 1.0 5.18723
 2.0 4.2953
 1.0 4.56262
 1.0 4.29986
 1.0 5.20228
 1.0 5.56256
 1.0 6.27648
 1.0 5.55052
 1.0 5.18941
 1.0 6.57183
 1.0 6.74668
 1.0 6.56759
 1.0 4.95604
 1.0 3.80925
 1.0 2.46471
 1.0 2.91227
 1.0 2.50055
 1.0 2.92842
 1.0 4.31661
 1.0 4.56625
 1.0 6.09221
 1.0 6.76107
 1.0 8.25733
 1.0 8.75798
 1.0 10.26551
 1.0 10.95931
 1.0 12.44958
 1.0 13.03016
 1.0 12.94372
 1.0 11.51708
 1.0 10.56507
 1.0 11.51489
 1.0 11.41454
 1.0 6.7651
 2.0 6.59116
 2.0 5.21014
 2.0 5.57041
 1.0 13.53272
 1.0 14.17839
 1.0 15.15584
 1.0 16.41099
 1.0 16.14971
 1.0 15.63662
 1.0 14.3145
 1.0 13.27524
 1.0 11.95158
 1.0 12.30417
 1.0 11.14487
 1.0 10.08645
 1.0 8.9866
 1.0 8.40475
 1.0 7.47457
 1.0 7.20813
 1.0 6.75933
 1.0 6.58269
 1.0 7.19958
 1.0 6.58015
 1.0 6.75685
 1.0 8.25489
 1.0 8.75537
 1.0 8.61812
 1.0 7.19572
 1.0 6.57931
 1.0 7.61554
 1.0 7.46407
 1.0 6.27856
 1.0 4.97271
 1.0 3.82658
 1.0 4.30815
 1.0 3.83171
 1.0 4.29977
 1.0 3.81716
 1.0 4.29522
 1.0 4.55398
 1.0 3.49888
 1.0 4.554
 1.0 4.29528
 1.0 3.8274
 1.0 4.30889
 1.0 3.8318
 1.0 4.98069
 1.0 5.20869
 1.0 5.56105
 1.0 4.56018
 1.0 4.29856
 1.0 5.76033
 1.0 6.08858
 1.0 5.75693
 1.0 4.29401
 1.0 3.81652
 1.0 2.46357
 1.0 1.51357
 1.0 2.49719
 1.0 2.94359
 1.0 3.54159
 1.0 4.58688
 1.0 4.31273
 1.0 5.7709
 1.0 6.59124
 1.0 8.02216
 1.0 8.62723
 1.0 10.85485
 1.0 12.29441
 1.0 12.94178
 1.0 13.03464
 1.0 11.6859
 1.0 10.9659
 1.0 10.85741
 1.0 10.38177
 1.0 11.41527
 1.0 11.51802
 1.0 10.27198
 1.0 9.1109
 1.0 8.02488
 3.0 6.59158
 3.0 5.2096
 1.0 13.27439
 1.0 13.87571
 1.0 14.82106
 1.0 16.15037
 1.0 16.03073
 1.0 15.56393
 1.0 14.18033
 1.0 13.18913
 1.0 11.79009
 1.0 11.95413
 1.0 10.68463
 1.0 9.65577
 1.0 8.4084
 1.0 7.88307
 1.0 6.76883
 1.0 6.59286
 1.0 5.77468
 1.0 6.09941
 1.0 5.76983
 1.0 6.58436
 2.0 6.28296
 1.0 6.58649
 1.0 8.02034
 1.0 8.25723
 1.0 8.01581
 1.0 6.58098
 1.0 7.46629
 1.0 7.62357
 1.0 6.58608
 1.0 4.98282
 1.0 5.20485
 1.0 4.303
 1.0 4.56617
 1.0 4.29911
 1.0 2.90257
 1.0 3.50205
 1.0 2.90069
 1.0 2.48258
 1.0 2.91888
 1.0 2.48712
 1.0 3.8405
 1.0 4.31536
 1.0 4.5681
 1.0 3.50691
 1.0 2.90364
 1.0 4.29855
 1.0 4.56259
 1.0 2.89882
 1.0 2.46467
 1.0 1.49507
 1.0 0.03234
 1.0 1.54263
 1.0 2.52043
 1.0 2.94636
 1.0 3.53841
 1.0 2.92267
 1.0 4.31142
 2.0 5.21235
 1.0 6.58953
 1.0 7.20738
 1.0 8.62593
 1.0 10.85382
 1.0 11.68494
 1.0 10.38527
 1.0 9.64882
 1.0 9.44365
 1.0 8.97973
 1.0 10.08005
 1.0 10.27197
 1.0 9.11151
 1.0 7.87809
 1.0 7.62871
 1.0 5.2112
 1.0 5.21066
 1.0 12.82842
 1.0 13.27543
 1.0 14.31525
 1.0 15.63766
 1.0 15.56356
 1.0 15.23593
 1.0 13.87569
 1.0 12.8002
 1.0 11.42162
 1.0 11.52408
 1.0 10.27715
 1.0 9.11765
 1.0 7.88378
 1.0 7.63237
 1.0 6.59413
 1.0 6.76673
 1.0 6.10123
 1.0 6.763
 1.0 6.58647
 1.0 7.62245
 2.0 7.4674
 1.0 7.62283
 1.0 8.97844
 1.0 9.10658
 1.0 8.97563
 1.0 7.61953
 1.0 8.97781
 1.0 8.0186
 1.0 6.58648
 1.0 5.76936
 1.0 6.58778
 1.0 6.28566
 1.0 5.76361
 1.0 6.09213
 1.0 5.76264
 1.0 4.30038
 1.0 4.56007
 1.0 3.50522
 1.0 2.91212
 1.0 2.48592
 1.0 1.51342
 1.0 2.48934
 1.0 2.91795
 1.0 3.51005
 1.0 2.89976
 1.0 2.468
 1.0 3.82013
 1.0 4.29917
 1.0 4.55768
 1.0 3.50208
 1.0 2.89496
 1.0 2.46575
 1.0 1.50976
 1.0 0.02705
 1.0 1.55152
 2.0 2.50817
 1.0 5.7728
 1.0 6.58823
 1.0 8.97849
 1.0 10.37989
 1.0 10.85638
 1.0 10.96615
 1.0 9.64969
 1.0 9.11152
 1.0 8.98097
 1.0 8.76174
 1.0 10.08142
 1.0 8.98281
 1.0 7.62797
 1.0 7.47526
 1.0 6.2914
 1.0 4.98387
 1.0 3.84033
 1.0 2.91969
 1.0 13.95815
 1.0 14.31643
 1.0 15.43719
 1.0 16.71725
 1.0 16.60085
 1.0 16.3414
 1.0 15.02973
 2.0 13.87609
 1.0 12.55407
 1.0 12.70913
 1.0 11.52335
 2.0 10.27823
 1.0 9.11673
 2.0 8.98654
 1.0 8.02731
 1.0 8.26365
 1.0 7.62722
 1.0 8.26026
 1.0 8.02032
 1.0 8.97718
 1.0 8.75693
 1.0 8.97658
 1.0 10.37984
 1.0 10.565
 1.0 10.37767
 1.0 8.97408
 1.0 8.75692
 1.0 9.95766
 1.0 8.97503
 1.0 7.6221
 1.0 6.58353
 1.0 7.20423
 1.0 6.58441
 1.0 6.7544
 1.0 6.08847
 1.0 6.75439
 1.0 6.57848
 1.0 5.19785
 1.0 5.55692
 1.0 4.56372
 1.0 4.31008
 1.0 2.48703
 1.0 2.92363
 1.0 2.49157
 1.0 2.90934
 1.0 2.47023
 1.0 2.90547
 1.0 5.20059
 1.0 5.55747
 1.0 4.56253
 1.0 3.50365
 1.0 2.90068
 1.0 2.48255
 1.0 1.528
 2.0 3.85123
 1.0 4.32296
 1.0 3.83676
 1.0 4.97833
 2.0 7.62653
 1.0 11.41355
 1.0 11.78297
 1.0 11.94944
 1.0 10.68147
 1.0 10.2736
 1.0 11.24582
 1.0 11.41768
 1.0 8.98342
 1.0 8.76649
 1.0 6.29272
 1.0 4.98498
 1.0 5.21332
 1.0 4.31712
 1.0 2.92252
 1.0 15.26019
 1.0 15.63819
 1.0 16.71674
 1.0 18.03515
 1.0 17.97063
 1.0 17.68748
 1.0 16.34139
 1.0 15.23629
 1.0 13.96114
 1.0 12.70912
 1.0 11.52505
 1.0 9.11364
 1.0 8.26364
 1.0 8.76329
 1.0 8.26024
 1.0 9.10749
 1.0 9.44183
 1.0 10.85633
 1.0 10.96253
 1.0 10.56393
 1.0 9.10443
 1.0 8.97812
 1.0 10.07612
 1.0 10.26895
 1.0 9.10751
 1.0 7.87665
 1.0 6.76343
 1.0 7.47452
 1.0 6.76593
 1.0 6.58695
 1.0 5.76843
 1.0 6.58609
 1.0 6.28255
 1.0 4.97607
 1.0 5.20213
 1.0 4.30813
 1.0 4.57893
 1.0 4.32105
 1.0 2.92833
 1.0 3.53371
 1.0 2.93219
 1.0 2.48932
 1.0 1.51341
 1.0 2.48704
 2.0 4.97836
 1.0 5.20378
 1.0 4.30945
 1.0 2.91119
 1.0 2.50816
 1.0 3.86062
 2.0 4.99951
 1.0 5.22348
 1.0 5.21122
 1.0 5.57443
 1.0 6.76594
 1.0 7.8781
 1.0 9.10908
 1.0 10.2698
 1.0 11.51463
 1.0 11.94571
 1.0 12.30073
 1.0 11.14332
 1.0 10.68068
 1.0 10.27143
 1.0 10.08031
 2.0 11.41671
 1.0 11.78531
 1.0 10.86045
 1.0 9.44627
 2.0 8.98466
 1.0 7.62979
 1.0 6.59326
 2.0 5.57188
 2.0 4.57706
 3.0 3.52254
 1.0 2.91871
 1.0 2.48691
 1.0 3.83599
 1.0 16.41164
 1.0 16.71775
 1.0 17.8616
 1.0 19.14167
 1.0 19.03981
 1.0 18.81387
 1.0 17.51018
 1.0 16.34174
 1.0 15.0301
 1.0 15.16041
 1.0 13.96054
 1.0 12.71
 1.0 11.52432
 1.0 11.42136
 1.0 10.38846
 1.0 10.57188
 1.0 9.76956
 1.0 10.27112
 1.0 9.7664
 1.0 10.56605
 1.0 10.37903
 1.0 10.85479
 1.0 12.29616
 1.0 12.45286
 1.0 12.03902
 1.0 10.56288
 1.0 10.37956
 1.0 11.41056
 1.0 11.51386
 1.0 10.26679
 1.0 9.10842
 1.0 7.87454
 1.0 8.40105
 1.0 7.47193
 1.0 7.20309
 1.0 6.58271
 1.0 7.62176
 1.0 7.46631
 1.0 6.28432
 1.0 6.5844
 1.0 5.77131
 1.0 6.10491
 2.0 5.78193
 1.0 4.3217
 1.0 4.58748
 1.0 3.53529
 1.0 2.92362
 1.0 2.48814
 1.0 3.83968
 2.0 4.97947
 1.0 6.28923
 1.0 5.77326
 1.0 4.31009
 1.0 4.32103
 1.0 6.30422
 1.0 6.60213
 1.0 5.77999
 1.0 6.59243
 1.0 6.76963
 1.0 7.87952
 1.0 9.11212
 1.0 10.27116
 1.0 11.51728
 2.0 12.70121
 1.0 13.03397
 1.0 13.41819
 1.0 12.30277
 1.0 11.95036
 1.0 11.51873
 1.0 12.79559
 1.0 13.18443
 1.0 12.30162
 1.0 10.86071
 1.0 10.38764
 1.0 8.98528
 1.0 8.02729
 1.0 6.59368
 1.0 6.76795
 2.0 5.57238
 1.0 4.57767
 1.0 2.91872
 1.0 16.62061
 1.0 16.96932
 1.0 18.13974
 1.0 19.36149
 1.0 19.13951
 1.0 18.87331
 1.0 17.61821
 1.0 16.41064
 1.0 15.15638
 1.0 15.4372
 1.0 14.31506
 1.0 13.03955
 1.0 11.95202
 1.0 11.78652
 1.0 10.86047
 1.0 10.96486
 1.0 10.26952
 1.0 10.67466
 1.0 10.26597
 1.0 10.95822
 2.0 10.55974
 1.0 10.95722
 1.0 12.44863
 1.0 12.78686
 1.0 12.44637
 1.0 10.95466
 1.0 11.50684
 1.0 11.40693
 1.0 10.07035
 1.0 8.97442
 1.0 7.61848
 1.0 7.87103
 1.0 6.7573
 1.0 6.57723
 1.0 6.27414
 1.0 7.46074
 1.0 7.6141
 1.0 6.57934
 1.0 7.19768
 1.0 6.58231
 1.0 6.59289
 1.0 5.21234
 1.0 5.57698
 1.0 4.58388
 1.0 4.31402
 1.0 3.83245
 1.0 7.62071
 1.0 5.20163
 1.0 4.30558
 1.0 5.22511
 1.0 6.60257
 1.0 7.21776
 1.0 6.59203
 1.0 7.88024
 1.0 9.11122
 1.0 10.27144
 1.0 11.51632
 1.0 13.95174
 1.0 14.31018
 1.0 14.60823
 1.0 13.4184
 1.0 13.03632
 1.0 12.70297
 1.0 12.54849
 2.0 13.87084
 1.0 14.17577
 1.0 13.18316
 1.0 11.7846
 1.0 11.41841
 1.0 10.08306
 1.0 8.98404
 1.0 7.62942
 1.0 7.88019
 2.0 6.76754
 1.0 4.57766
 1.0 4.57585
 2.0 5.57039
 1.0 17.85833
 1.0 18.14097
 1.0 19.3609
 1.0 20.54778
 1.0 20.30021
 1.0 20.0879
 1.0 18.87256
 1.0 17.61885
 1.0 16.40978
 1.0 16.71642
 1.0 15.63659
 1.0 14.31623
 1.0 13.275
 1.0 13.18487
 1.0 12.30118
 1.0 12.45558
 1.0 11.78247
 1.0 12.20065
 1.0 11.77914
 1.0 12.44928
 2.0 12.03511
 1.0 12.44774
 1.0 13.94673
 1.0 14.3041
 1.0 13.9449
 1.0 12.4457
 1.0 12.93396
 1.0 12.78447
 1.0 11.40523
 1.0 10.37637
 1.0 8.97288
 1.0 9.10326
 1.0 7.86892
 1.0 7.61338
 1.0 7.4585
 1.0 8.75124
 1.0 8.96978
 1.0 8.01412
 1.0 8.62008
 1.0 8.0176
 1.0 8.02699
 1.0 6.77256
 1.0 5.57848
 1.0 6.28879
 1.0 7.47084
 1.0 8.76209
 1.0 8.97788
 1.0 8.01969
 1.0 6.58528
 1.0 5.76941
 1.0 6.1031
 1.0 6.60299
 1.0 8.03424
 1.0 8.6375
 1.0 8.02558
 1.0 8.98189
 1.0 9.11366
 1.0 10.27279
 1.0 11.51849
 1.0 12.70253
 1.0 13.95373
 1.0 15.1523
 1.0 15.43284
 1.0 15.75903
 1.0 14.60975
 1.0 13.95533
 1.0 15.23132
 1.0 15.55941
 1.0 14.60764
 1.0 13.18358
 1.0 12.79711
 1.0 11.41914
 1.0 10.38684
 1.0 9.11393
 1.0 7.8809
 1.0 6.76591
 1.0 6.28963
 1.0 6.59032
