
 100.0 1.526
 1.0 1.76286
 2.0 2.92254
 97.0 2.49139
 1.0 3.94047
 36.0 3.83962
 2.0 3.83963
 47.0 4.31457
 63.0 2.92064
 1.0 5.28544
 9.0 5.77566
 1.0 6.29054
 11.0 6.59075
 24.0 5.21015
 1.0 6.35084
 2.0 6.76429
 3.0 5.56942
 3.0 4.57587
 5.0 3.52256
 2.0 6.76511
 1.0 7.47305
 2.0 6.2892
 2.0 5.57041
 2.0 4.57648
 1.0 5.84175
 2.0 6.76428
 2.0 5.56891
 2.0 5.21014
 5.0 4.31392
 6.0 2.91968
 23.0 2.48916
 1.0 7.8774
 1.0 6.59116
 1.0 5.77517
 19.0 3.83745
 1.0 6.35083
 1.0 7.62689
 1.0 6.58948
 1.0 6.7651
 3.0 6.10126
 3.0 4.57526
 13.0 4.31264
 14.0 4.98278
 1.0 7.62762
 1.0 8.98189
 2.0 8.02315
 1.0 8.26266
 1.0 7.62726
 4.0 5.77373
 8.0 6.59076
 4.0 6.29053
 1.0 8.80768
 1.0 10.08033
 1.0 8.98066
 1.0 9.1103
 1.0 8.26098
 1.0 6.76387
 4.0 6.09945
 4.0 6.76388
 1.0 9.10908
 1.0 10.26928
 2.0 9.10786
 1.0 8.98004
 1.0 8.02142
 2.0 6.58822
 6.0 5.77181
 1.0 8.06881
 1.0 9.10664
 1.0 7.87317
 1.0 7.62398
 6.0 6.58696
 2.0 5.20641
 3.0 4.31006
 4.0 4.57345
 2.0 2.91875
 8.0 2.48805
 6.0 1.52236
 2.0 8.75859
 1.0 9.64277
 1.0 8.39611
 2.0 7.87246
 2.0 6.75977
 2.0 5.56492
 3.0 4.57101
 2.0 3.83456
 2.0 2.48582
 6.0 2.91684
 1.0 9.14749
 1.0 10.07509
 1.0 8.97632
 2.0 8.39709
 2.0 7.46895
 1.0 6.28477
 4.0 5.56592
 1.0 5.20747
 3.0 4.31134
 3.0 2.91683
 3.0 3.51941
 3.0 2.91778
 6.0 4.57527
 2.0 8.01691
 1.0 8.97539
 2.0 8.0176
 1.0 7.46856
 1.0 6.76098
 1.0 5.56491
 1.0 5.20639
 1.0 4.98053
 2.0 3.83743
 3.0 2.48914
 1.0 2.91777
 4.0 2.48804
 6.0 3.83601
 8.0 4.31265
 8.0 4.57588
 12.0 3.52257
 1.0 8.80009
 1.0 9.76161
 1.0 8.976
 1.0 8.39773
 2.0 7.87455
 2.0 6.76056
 1.0 6.58778
 1.0 6.28918
 1.0 4.98163
 1.0 3.83815
 1.0 4.31262
 2.0 3.83673
 2.0 4.97943
 1.0 5.20803
 1.0 5.56943
 1.0 8.01517
 1.0 8.97475
 1.0 8.39542
 1.0 7.87383
 2.0 7.62504
 1.0 6.5865
 1.0 6.76262
 1.0 6.59156
 1.0 5.21171
 1.0 4.31583
 2.0 4.57525
 3.0 4.31328
 5.0 5.20748
 2.0 5.56744
 1.0 6.28878
 3.0 5.56993
 1.0 7.25543
 1.0 8.39641
 1.0 7.87243
 1.0 7.6254
 1.0 7.47189
 1.0 6.28608
 2.0 6.58819
 1.0 6.7659
 1.0 5.57238
 1.0 4.57828
 1.0 4.3139
 5.0 4.31071
 1.0 4.57224
 1.0 5.56793
 2.0 5.20909
 14.0 4.98055
 1.0 6.28433
 1.0 7.4693
 1.0 6.58902
 1.0 6.28784
 2.0 4.97828
 1.0 5.20692
 1.0 5.56989
 1.0 4.57766
 1.0 3.52412
 1.0 2.91967
 3.0 2.48915
 2.0 3.51943
 1.0 4.57407
 1.0 5.27752
 1.0 6.28431
 1.0 5.56489
 2.0 5.20797
 1.0 4.9805
 2.0 3.83525
 6.0 4.31261
 1.0 4.57767
 1.0 3.5257
 1.0 2.92443
 1.0 2.49138
 1.0 2.9216
 4.0 3.521
 1.0 4.57529
 1.0 5.56994
 1.0 5.21016
 1.0 4.31329
 4.0 4.57528
 5.0 4.31393
 6.0 2.9197
 1.0 4.57282
 1.0 5.5669
 1.0 4.5722
 4.0 4.3126
 1.0 3.83669
 2.0 2.48689
 2.0 2.91776
 2.0 3.52255
 1.0 2.92253
 2.0 2.49362
 1.0 1.52601
 1.0 2.49253
 3.0 2.92066
 1.0 4.31524
 2.0 5.2107
 3.0 4.98168
 2.0 3.83675
 1.0 4.31201
 1.0 4.57467
 1.0 5.84173
 1.0 6.76385
 1.0 5.56839
 1.0 5.20904
 1.0 2.9187
 2.0 2.48802
 1.0 2.91871
 3.0 1.52418
 2.0 0.00225
 1.0 1.52785
 4.0 2.49364
 1.0 3.84182
 1.0 4.31653
 2.0 3.83893
 2.0 2.48919
 1.0 2.91686
 2.0 2.9178
 1.0 6.76467
 1.0 7.87667
 1.0 6.76344
 1.0 6.58987
 2.0 5.7737
 1.0 3.83598
 1.0 1.52415
 2.0 1.52783
 1.0 2.92257
 2.0 2.4903
 1.0 1.52237
 2.0 2.48693
 1.0 8.0736
 1.0 9.11089
 1.0 7.87738
 1.0 7.62687
 2.0 6.58946
 1.0 5.20958
 1.0 4.57342
 1.0 4.31132
 1.0 2.91681
 1.0 2.49025
 1.0 2.49585
 1.0 2.92636
 1.0 2.49588
 1.0 1.52604
 1.0 0.00773
 1.0 1.5187
 2.0 2.48469
 5.0 4.3107
 4.0 5.20801
 1.0 8.02764
 2.0 8.98374
 1.0 7.62834
 1.0 7.47303
 1.0 6.28786
 1.0 4.98164
 3.0 3.836
 2.0 4.30941
 1.0 4.57161
 1.0 3.51783
 1.0 2.4914
 1.0 2.92635
 2.0 3.52889
 1.0 2.92542
 1.0 1.52238
 1.0 2.48358
 5.0 3.83311
 8.0 6.58864
 10.0 6.28832
 1.0 9.49064
 1.0 10.38657
 1.0 8.76333
 1.0 7.47192
 2.0 6.29008
 2.0 4.98054
 1.0 5.20535
 1.0 4.32036
 1.0 4.58316
 1.0 2.92161
 2.0 2.49141
 1.0 2.91493
 1.0 4.30877
 3.0 5.20695
 6.0 7.62508
 8.0 7.47194
 1.0 9.77442
 1.0 10.57295
 1.0 9.11335
 1.0 8.9822
 2.0 7.62581
 1.0 6.59159
 5.0 5.20855
 2.0 5.56394
 1.0 6.28391
 1.0 5.56493
 1.0 5.20962
 1.0 5.21601
 1.0 5.57691
 1.0 4.58135
 1.0 4.31459
 1.0 3.83819
 4.0 4.30878
 2.0 5.76989
 1.0 6.58738
 4.0 8.02039
 6.0 8.97974
 3.0 8.76208
 2.0 7.62727
 1.0 9.15871
 1.0 9.77101
 1.0 8.26434
 1.0 4.5686
 1.0 5.56295
 2.0 5.20429
 1.0 4.98056
 1.0 5.21069
 1.0 5.57491
 1.0 6.2954
 1.0 5.57442
 1.0 5.21017
 1.0 4.3133
 2.0 4.56982
 2.0 6.09581
 1.0 6.7606
 1.0 8.25763
 1.0 9.10726
 2.0 6.28833
 1.0 9.77527
 1.0 10.2755
 1.0 8.76651
 3.0 8.62914
 2.0 7.20659
 3.0 6.5916
 1.0 5.20857
 1.0 5.56246
 1.0 6.75814
 1.0 6.58529
 3.0 6.28834
 2.0 6.59119
 1.0 6.76963
 1.0 7.47901
 1.0 6.76882
 2.0 6.59035
 1.0 5.77375
 2.0 6.09582
 1.0 7.62181
 3.0 8.25796
 1.0 9.76392
 1.0 10.56613
 1.0 10.38205
 1.0 9.49241
 1.0 9.7713
 1.0 8.26468
 1.0 8.02248
 1.0 6.5874
 1.0 6.2901
 3.0 4.98057
 1.0 5.20218
 2.0 6.58319
 1.0 6.75938
 2.0 6.58909
 1.0 7.2093
 1.0 7.47715
 1.0 8.40671
 1.0 7.88095
 3.0 7.62692
 1.0 6.75897
 1.0 8.25629
 1.0 8.7586
 1.0 10.26659
 1.0 10.96159
 1.0 10.85613
 1.0 9.44218
 5.0 7.20851
 1.0 8.02973
 1.0 8.26502
 1.0 6.76717
 5.0 6.58908
 1.0 5.20644
 2.0 3.83604
 1.0 4.30559
 1.0 5.76751
 1.0 6.09583
 1.0 5.77231
 1.0 6.58951
 1.0 6.76676
 1.0 7.88024
 2.0 7.62838
 4.0 7.47084
 2.0 6.2857
 1.0 8.01695
 1.0 8.25595
 1.0 9.76221
 2.0 10.26631
 1.0 10.07676
 3.0 8.62527
 1.0 8.07672
 1.0 8.02559
 2.0 6.59203
 1.0 6.28658
 1.0 4.97724
 1.0 5.20964
 1.0 4.31268
 1.0 4.56803
 1.0 6.09402
 1.0 6.7594
 2.0 6.58783
 1.0 7.6262
 1.0 7.87883
 1.0 9.11276
 2.0 8.98285
 1.0 8.76115
 1.0 7.46974
 1.0 7.62037
 1.0 8.97512
 1.0 9.10423
 1.0 10.56298
 1.0 10.95983
 1.0 10.85435
 1.0 9.44042
 1.0 8.62528
 1.0 7.20466
 1.0 6.7684
 1.0 4.97835
 1.0 3.83315
 1.0 4.31267
 1.0 3.83605
 1.0 4.30689
 1.0 5.768
 1.0 6.58531
 1.0 7.47085
 3.0 7.62655
 2.0 8.98192
 1.0 9.10941
 1.0 8.97822
 1.0 7.62219
 1.0 7.86967
 1.0 9.10301
 1.0 8.97449
 1.0 10.37697
 1.0 10.56245
 1.0 10.3783
 1.0 8.97603
 1.0 8.01832
 1.0 6.58485
 1.0 6.28479
 1.0 7.46971
 2.0 6.58865
 1.0 6.35784
 1.0 6.29408
 1.0 4.98503
 1.0 5.20965
 2.0 4.31074
 1.0 4.5753
 1.0 5.20326
 1.0 6.58489
 1.0 7.2043
 1.0 6.58699
 1.0 7.62474
 1.0 7.47195
 1.0 8.76273
 1.0 8.97945
 1.0 9.10575
 1.0 7.87108
 1.0 8.39316
 1.0 9.64049
 2.0 9.43778
 1.0 10.8523
 1.0 10.95957
 1.0 10.56402
 1.0 9.10512
 1.0 8.25729
 2.0 6.58654
 1.0 7.62399
 1.0 7.87529
 1.0 6.76265
 1.0 7.47231
 1.0 7.63565
 1.0 7.47864
 1.0 6.2932
 1.0 6.58994
 1.0 5.77137
 1.0 6.1013
 1.0 5.77185
 1.0 6.58321
 1.0 8.01766
 1.0 8.62466
 1.0 8.02076
 3.0 8.98007
 1.0 8.76336
 3.0 9.96557
 1.0 10.07953
 1.0 10.26741
 1.0 9.10484
 1.0 9.63992
 2.0 10.95806
 3.0 10.85205
 1.0 12.2933
 1.0 12.4507
 1.0 12.04003
 1.0 10.56455
 1.0 9.76391
 1.0 8.25762
 1.0 8.97943
 1.0 9.10909
 1.0 7.876
 1.0 8.40142
 1.0 7.47306
 1.0 6.28922
 1.0 8.81556
 1.0 8.76811
 1.0 7.47641
 1.0 7.62547
 1.0 6.58573
 1.0 6.76391
 1.0 6.09767
 1.0 6.7553
 1.0 8.25362
 1.0 8.75672
 1.0 8.25832
 1.0 9.1085
 1.0 10.08284
 1.0 9.96447
 1.0 10.07706
 1.0 8.97637
 1.0 9.43603
 1.0 10.85053
 1.0 12.44915
 1.0 12.78802
 1.0 12.45137
 1.0 10.96058
 1.0 10.26685
 2.0 9.10787
 1.0 8.98005
 2.0 7.62545
 1.0 7.87671
 2.0 6.7643
 1.0 5.56893
 1.0 9.11427
 2.0 8.98221
 1.0 7.62691
 1.0 7.4675
 1.0 6.28173
 1.0 6.58741
 1.0 5.77041
 1.0 6.09039
 1.0 7.61639
 1.0 8.25363
 1.0 8.01869
 1.0 8.97884
 1.0 9.11063
 1.0 10.27282
 1.0 10.08092
 1.0 9.96113
 1.0 8.758
 1.0 8.97266
 1.0 10.37486
 1.0 10.56037
 1.0 12.03567
 1.0 12.44781
 2.0 12.29262
 1.0 10.07401
 1.0 8.62271
 1.0 8.01797
 1.0 8.97789
 2.0 8.7605
 3.0 6.59077
 4.0 5.20963
 2.0 4.31523
 3.0 2.49029
 1.0 9.48744
 1.0 9.10849
 1.0 7.87531
 1.0 7.62002
 1.0 6.58237
 1.0 7.20546
 1.0 6.58701
 1.0 6.75532
 1.0 8.25197
 1.0 9.10304
 1.0 8.977
 1.0 10.0779
 1.0 10.27093
 1.0 11.51853
 1.0 11.41628
 2.0 11.24193
 1.0 9.96002
 1.0 10.07267
 1.0 11.40777
 1.0 11.50913
 2.0 12.93622
 1.0 13.26181
 1.0 13.1752
 1.0 11.77686
 1.0 10.85154
 1.0 8.97604
 1.0 10.07677
 2.0 9.96222
 1.0 8.76146
 1.0 8.02491
 1.0 5.77712
 1.0 4.31588
 2.0 3.83964
 1.0 10.68226
 1.0 10.27146
 1.0 9.11003
 1.0 8.97607
 1.0 8.01663
 1.0 8.6266
 1.0 8.02009
 1.0 8.2523
 1.0 9.75799
 3.0 10.56144
 1.0 10.37914
 2.0 11.41312
 1.0 11.51733
 1.0 12.70388
 1.0 12.54899
 1.0 12.45252
 1.0 11.23971
 1.0 11.40729
 1.0 12.78523
 1.0 14.38363
 1.0 14.73022
 1.0 14.5995
 1.0 13.17562
 1.0 10.37831
 1.0 11.41212
 1.0 11.24215
 1.0 10.0798
 1.0 8.98161
 1.0 3.83746
 5.0 4.57649
 1.0 11.81998
 1.0 11.51707
 1.0 10.27011
 1.0 10.07348
 1.0 8.97297
 1.0 9.44074
 1.0 8.62403
 1.0 8.75072
 1.0 10.25824
 1.0 10.95505
 1.0 10.85233
 1.0 11.77971
 1.0 11.94691
 1.0 13.0355
 1.0 12.70258
 1.0 12.54479
 1.0 11.40996
 1.0 11.50697
 2.0 12.93387
 1.0 13.25994
 1.0 14.72778
 1.0 15.22023
 1.0 15.14555
 1.0 13.72206
 1.0 12.93663
 1.0 11.50959
 1.0 10.85153
 1.0 11.77875
 2.0 11.41188
 1.0 10.07704
 2.0 9.96223
 1.0 8.76178
 1.0 4.97945
 1.0 5.20856
 2.0 4.31136
 2.0 5.56992
 1.0 13.0391
 1.0 12.70387
 2.0 11.51757
 1.0 11.40995
 1.0 10.37594
 1.0 10.85514
 1.0 10.07543
 1.0 10.25906
 1.0 11.77124
 1.0 12.44584
 1.0 12.2931
 1.0 13.17817
 1.0 13.26998
 1.0 14.31235
 1.0 13.95379
 1.0 13.8659
 1.0 12.78762
 1.0 14.38113
 1.0 14.72816
 1.0 16.20671
 1.0 16.70228
 1.0 16.58778
 1.0 15.1461
 1.0 14.38458
 1.0 12.93728
 1.0 12.29239
 2.0 13.1773
 2.0 12.78977
 1.0 11.41213
 1.0 11.24191
 1.0 8.76019
 1.0 6.28613
 2.0 6.58866
 2.0 5.7723
 1.0 6.58949
 1.0 6.76512
 3.0 5.57043
 1.0 12.8308
 1.0 12.5523
 1.0 11.41725
 2.0 11.51276
 1.0 10.96163
 1.0 10.26474
 1.0 10.66566
 1.0 12.19165
 1.0 12.78328
 1.0 12.44895
 1.0 13.26497
 1.0 13.18069
 1.0 14.17465
 1.0 13.86789
 1.0 13.94742
 2.0 12.93623
 1.0 13.25764
 1.0 14.72609
 1.0 15.01402
 1.0 16.51425
 1.0 16.95556
 1.0 16.70394
 2.0 15.22224
 1.0 14.51857
 1.0 13.02654
 1.0 12.44848
 1.0 13.26432
 1.0 12.93921
 1.0 11.51201
 1.0 11.41115
 1.0 10.07594
 1.0 8.97666
 2.0 7.62218
 2.0 6.58486
 1.0 6.76101
 1.0 6.09763
 1.0 6.76306
 2.0 6.58992
 1.0 12.55672
 1.0 12.46031
 1.0 11.24662
 1.0 11.41142
 1.0 10.37567
 1.0 10.56459
 1.0 9.7597
 1.0 10.25608
 1.0 11.76935
 1.0 12.19164
 1.0 11.77547
 1.0 12.44939
 1.0 12.29715
 1.0 13.18153
 1.0 12.79022
 1.0 12.03407
 1.0 12.44114
 1.0 13.93985
 1.0 14.29837
 1.0 15.81733
 1.0 16.32541
 1.0 16.0158
 3.0 14.51743
 1.0 13.94581
 1.0 12.44759
 1.0 11.77521
 1.0 12.44893
 1.0 12.03727
 1.0 10.56193
 1.0 10.37698
 1.0 8.97481
 1.0 8.01625
 1.0 6.58276
 1.0 5.76653
 1.0 5.76941
 1.0 6.58781
 1.0 4.98169
 1.0 11.2861
 1.0 11.24808
 1.0 9.96558
 1.0 10.07513
 1.0 8.97267
 1.0 9.10547
 1.0 8.25331
 1.0 8.74723
 1.0 10.25607
 1.0 10.66564
 1.0 10.26283
 1.0 10.95909
 1.0 10.85718
 1.0 11.78395
 1.0 11.41337
 1.0 11.50987
 1.0 10.55933
 1.0 10.95073
 1.0 12.44181
 1.0 12.78131
 1.0 14.29856
 1.0 14.80605
 1.0 13.02548
 1.0 12.44737
 1.0 10.95679
 1.0 10.26253
 1.0 10.95857
 1.0 10.56246
 1.0 9.10392
 1.0 8.97573
 1.0 7.62146
 1.0 6.5836
 1.0 5.20324
 1.0 4.30557
 1.0 4.3075
 2.0 5.20643
 1.0 11.52382
 1.0 11.4182
 2.0 10.08174
 1.0 9.9589
 1.0 8.75515
 1.0 8.97885
 1.0 8.01872
 1.0 8.24861
 1.0 9.75458
 1.0 10.26095
 2.0 10.07542
 1.0 10.85617
 1.0 10.9677
 1.0 11.95157
 1.0 11.52
 1.0 11.41338
 1.0 10.37915
 1.0 10.55881
 1.0 12.03384
 1.0 12.44649
 1.0 13.94443
 2.0 14.38575
 1.0 12.93857
 1.0 12.29285
 1.0 10.85257
 1.0 10.07484
 1.0 10.85538
 1.0 10.38126
 2.0 8.97976
 1.0 8.7621
 1.0 7.47308
 1.0 6.28791
 1.0 4.9817
 1.0 4.31331
 1.0 3.83531
 2.0 5.21177
 1.0 4.31717
 1.0 2.92352
 1.0 11.82282
 1.0 11.51949
 2.0 10.27283
 1.0 10.07625
 1.0 8.97608
 1.0 9.44428
 1.0 8.62791
 1.0 8.75454
 1.0 10.26204
 1.0 10.95911
 1.0 10.85643
 1.0 11.78396
 1.0 11.9511
 1.0 13.03977
 1.0 12.70695
 1.0 12.54922
 1.0 11.41434
 1.0 11.51132
 1.0 12.93817
 1.0 13.26413
 1.0 14.73193
 1.0 15.22425
 1.0 15.14959
 1.0 13.72612
 1.0 12.9405
 1.0 11.51346
 1.0 10.85563
 1.0 11.783
 1.0 11.41626
 1.0 10.08146
 1.0 9.96669
 2.0 8.76622
 3.0 7.4753
 1.0 6.29276
 1.0 4.98391
 1.0 5.21283
 1.0 5.57293
 1.0 4.57893
 1.0 3.52573
 1.0 2.92445
 1.0 1.52602
 1.0 0.00446
 2.0 1.52235
 1.0 10.68383
 1.0 9.11156
 2.0 8.97762
 1.0 8.01837
 1.0 8.62854
 2.0 8.02217
 2.0 8.25433
 1.0 9.75999
 1.0 10.56355
 2.0 10.38128
 1.0 11.41531
 1.0 11.5195
 1.0 12.70607
 1.0 12.5512
 1.0 12.45475
 1.0 11.40947
 1.0 12.7874
 1.0 12.93837
 1.0 14.7323
 1.0 14.6016
 1.0 13.17773
 1.0 12.29466
 1.0 10.8541
 1.0 10.38045
 1.0 11.41431
 1.0 11.24437
 1.0 9.96445
 1.0 10.082
 1.0 8.98377
 1.0 7.62873
 1.0 6.59287
 1.0 5.21176
 1.0 4.9839
 1.0 4.31587
 1.0 4.57832
 1.0 3.52416
 1.0 0.00223
 1.0 1.52599
 4.0 2.49026
 1.0 9.49125
 1.0 9.11185
 1.0 7.87884
 1.0 7.62294
 1.0 6.58533
 1.0 7.20894
 1.0 6.59039
 1.0 6.75779
 1.0 9.10579
 1.0 8.9804
 1.0 10.08148
 1.0 10.27499
 1.0 11.52263
 1.0 11.42017
 1.0 11.24539
 1.0 9.96337
 1.0 11.41045
 2.0 11.51203
 1.0 12.93901
 1.0 13.26475
 1.0 13.17857
 1.0 11.7804
 1.0 10.85487
 1.0 9.44131
 1.0 8.97944
 1.0 10.08035
 1.0 8.76495
 1.0 8.98501
 1.0 8.02802
 1.0 6.59414
 1.0 5.78
 1.0 4.31845
 1.0 3.84326
 1.0 2.92351
 1.0 3.52731
 1.0 2.9254
 1.0 2.49584
 1.0 1.52963
 1.0 0.00499
 3.0 3.83744
 1.0 8.40572
 1.0 7.87814
 2.0 6.76555
 1.0 6.58659
 1.0 5.77043
 1.0 6.59038
 1.0 6.28926
 1.0 6.58534
 2.0 8.01803
 1.0 8.97825
 1.0 8.76149
 1.0 9.96448
 1.0 10.08229
 1.0 11.4187
 1.0 11.51926
 1.0 11.41506
 1.0 10.07817
 1.0 10.26581
 1.0 11.41044
 1.0 12.78848
 2.0 12.93922
 1.0 10.37965
 1.0 8.97759
 1.0 9.96333
 2.0 10.08089
 1.0 8.98253
 1.0 9.44718
 1.0 8.63236
 1.0 7.2116
 1.0 6.59412
 1.0 5.21335
 1.0 4.31779
 1.0 2.9235
 1.0 2.49363
 1.0 2.92444
 1.0 2.49361
 1.0 2.92347
 2.0 2.49249
 1.0 1.52416
 1.0 3.83816
 1.0 4.98165
 1.0 9.15632
 1.0 8.40177
 1.0 7.4742
 1.0 7.20664
 1.0 6.58913
 1.0 7.62949
 1.0 7.47643
 1.0 7.62696
 1.0 8.98042
 1.0 10.08094
 1.0 9.96559
 1.0 11.24711
 1.0 11.41894
 1.0 12.7978
 1.0 12.94801
 1.0 12.79542
 1.0 11.41627
 1.0 11.51565
 1.0 12.70083
 1.0 12.54677
 1.0 13.86828
 1.0 13.95158
 1.0 13.86867
 1.0 12.54719
 1.0 11.41407
 1.0 10.07869
 1.0 9.96444
 1.0 11.24585
 1.0 11.41868
 1.0 10.38686
 1.0 10.86329
 1.0 10.08557
 1.0 8.63428
 1.0 8.02904
 1.0 6.5958
 1.0 5.78046
 1.0 4.31971
 1.0 3.84396
 1.0 4.31842
 1.0 3.84033
 1.0 4.31648
 1.0 3.84177
 2.0 2.92063
 1.0 4.31456
 2.0 5.20961
 1.0 10.38769
 1.0 9.64915
 1.0 8.76434
 1.0 8.62727
 1.0 8.02148
 2.0 8.98256
 1.0 8.76401
 1.0 8.97917
 1.0 10.38076
 1.0 11.4141
 1.0 11.24365
 1.0 12.45585
 1.0 12.54963
 1.0 13.87188
 1.0 13.95456
 1.0 13.86908
 1.0 12.54654
 1.0 12.69819
 1.0 13.95
 1.0 13.86627
 1.0 15.22625
 1.0 15.35308
 1.0 15.22679
 1.0 13.86686
 1.0 12.79063
 1.0 11.41236
 1.0 11.24263
 2.0 12.45471
 1.0 12.54917
 1.0 11.416
 1.0 11.78533
 1.0 10.86022
 1.0 9.44658
 1.0 8.63106
 1.0 7.21081
 1.0 6.59285
 1.0 5.21281
 1.0 4.98501
 3.0 5.21175
 5.0 4.31327
 1.0 4.31584
 2.0 2.92252
 1.0 3.83889
 4.0 4.57344
 2.0 5.56792
 1.0 11.28267
 1.0 10.67891
 1.0 9.64828
 1.0 9.44076
 1.0 8.62468
 1.0 9.44398
 1.0 8.98071
 1.0 9.10456
 1.0 10.56249
 2.0 12.54766
 1.0 12.703
 1.0 13.95557
 1.0 13.87088
 1.0 13.72774
 1.0 12.45251
 1.0 12.54279
 1.0 13.86428
 1.0 13.948
 1.0 15.35091
 1.0 15.62645
 1.0 15.55283
 1.0 14.16973
 1.0 11.77874
 1.0 11.41211
 1.0 12.54653
 1.0 11.24362
 1.0 11.41625
 1.0 10.38445
 1.0 8.02454
 1.0 6.59117
 1.0 5.57092
 1.0 2.4925
 2.0 2.91873
 2.0 3.51942
 1.0 12.55276
 1.0 11.94833
 1.0 10.96569
 1.0 10.85491
 1.0 10.07571
 1.0 10.85694
 2.0 10.56196
 1.0 12.03684
 1.0 12.93859
 1.0 12.78957
 1.0 13.86729
 1.0 13.95258
 1.0 15.15289
 1.0 15.0229
 1.0 14.94278
 1.0 13.7243
 1.0 13.86227
 1.0 15.34946
 1.0 16.774
 1.0 17.0723
 1.0 16.95915
 1.0 15.5514
 1.0 14.60026
 1.0 13.17603
 1.0 12.78867
 1.0 13.86626
 1.0 13.72671
 1.0 12.45248
 1.0 12.54674
 1.0 11.41357
 1.0 10.0784
 1.0 8.97942
 1.0 7.62507
 1.0 6.28876
 2.0 6.59118
 2.0 4.98166
 1.0 3.84034
 2.0 2.49027
 1.0 2.91495
 1.0 4.30943
 1.0 4.57164
 1.0 12.33354
 1.0 11.78469
 1.0 10.85773
 1.0 10.96039
 1.0 10.26393
 1.0 10.96037
 1.0 10.95428
 1.0 12.44516
 1.0 13.26015
 1.0 12.93601
 1.0 13.94622
 1.0 13.86408
 1.0 15.0192
 1.0 14.93943
 1.0 15.01476
 1.0 13.85927
 1.0 14.16131
 1.0 15.54498
 1.0 15.62041
 1.0 17.06775
 1.0 17.31664
 1.0 17.06921
 1.0 15.62201
 1.0 14.7289
 1.0 13.26034
 1.0 12.93534
 1.0 13.9454
 1.0 13.86245
 1.0 12.54055
 2.0 12.69511
 2.0 11.50958
 1.0 10.26387
 1.0 9.10267
 1.0 7.87034
 1.0 7.62143
 1.0 6.58611
 1.0 6.76224
 1.0 6.58655
 2.0 5.2043
 1.0 4.97497
 3.0 5.20694
 1.0 4.31391
 1.0 2.92062
 1.0 2.48581
 3.0 4.57223
 1.0 11.51953
 1.0 10.85927
 1.0 10.0793
 1.0 10.26665
 1.0 9.76113
 1.0 10.56407
 1.0 10.377
 1.0 10.84875
 1.0 12.28971
 1.0 13.17311
 1.0 12.78544
 1.0 13.86248
 1.0 13.72268
 1.0 14.94054
 1.0 15.01623
 1.0 15.14299
 1.0 13.94262
 1.0 14.29778
 1.0 15.62006
 1.0 15.54605
 1.0 16.95424
 1.0 17.06889
 1.0 16.77135
 1.0 15.34656
 1.0 14.38265
 1.0 12.9347
 1.0 12.78476
 1.0 13.86165
 1.0 13.94619
 1.0 12.69423
 1.0 13.02694
 1.0 11.93967
 1.0 10.67158
 1.0 9.64074
 2.0 8.39511
 2.0 7.87175
 2.0 6.76058
 2.0 6.5878
 2.0 6.2848
 1.0 4.97498
 1.0 5.2032
 1.0 5.56641
 1.0 4.57464
 1.0 3.52097
 1.0 4.57585
 1.0 4.31454
 1.0 3.83599
 1.0 4.97831
 2.0 5.20588
 2.0 5.56692
 2.0 3.5194
 2.0 4.57405
 1.0 10.1217
 1.0 9.44577
 1.0 8.62855
 1.0 8.75866
 1.0 8.25533
 1.0 9.10609
 1.0 8.97576
 1.0 9.43546
 1.0 10.84953
 1.0 11.77548
 1.0 11.40849
 1.0 12.54234
 1.0 12.45027
 1.0 13.7249
 1.0 13.86367
 1.0 13.94521
 1.0 12.69251
 1.0 13.02207
 1.0 14.29954
 1.0 14.16386
 1.0 15.54749
 2.0 15.62273
 1.0 15.34802
 1.0 13.94481
 1.0 12.93599
 1.0 11.50839
 1.0 11.40773
 1.0 12.54143
 1.0 12.69598
 1.0 11.51055
 1.0 11.94153
 1.0 10.95956
 1.0 9.64248
 2.0 8.75762
 2.0 7.46783
 1.0 6.76017
 2.0 4.97832
 3.0 4.30875
 1.0 4.57221
 1.0 3.51939
 1.0 4.57524
 1.0 5.208
 1.0 4.9783
 1.0 2.91682
 1.0 9.44664
 1.0 8.62985
 1.0 8.02253
 1.0 8.25804
 1.0 9.10485
 1.0 9.64022
 1.0 10.95784
 1.0 11.94018
 1.0 11.51034
 1.0 12.69601
 1.0 12.54255
 1.0 13.86446
 1.0 14.16718
 1.0 14.30185
 1.0 13.02398
 1.0 13.40392
 1.0 14.59532
 1.0 14.3005
 1.0 15.54855
 1.0 15.22132
 1.0 13.86126
 1.0 12.78542
 1.0 11.40701
 1.0 13.0278
 1.0 11.9406
 1.0 12.54363
 1.0 11.67921
 2.0 10.37882
 1.0 9.64304
 1.0 6.2861
 2.0 5.56742
 1.0 5.2064
 1.0 5.20531
 1.0 5.5664
 1.0 4.57281
 1.0 4.31196
 1.0 6.10124
 1.0 5.77418
 1.0 6.28698
 2.0 6.58821
 1.0 5.77276
 1.0 9.48605
 1.0 8.76313
 1.0 8.25872
 1.0 8.75773
 1.0 8.62084
 1.0 9.43694
 1.0 9.63763
 1.0 10.37192
 1.0 11.67357
 1.0 12.53771
 1.0 11.93553
 1.0 13.0225
 1.0 12.69075
 1.0 13.94242
 1.0 14.29719
 1.0 14.59113
 1.0 13.39957
 1.0 13.93725
 1.0 15.13786
 1.0 14.80193
 1.0 16.13109
 1.0 16.0113
 1.0 15.54463
 1.0 14.16111
 1.0 13.16972
 1.0 11.77074
 1.0 11.93503
 1.0 13.02184
 1.0 13.40411
 1.0 12.28741
 1.0 12.93403
 1.0 12.03355
 1.0 10.84869
 1.0 10.07066
 1.0 8.97291
 1.0 8.01518
 1.0 7.03881
 1.0 6.28346
 1.0 5.56193
 1.0 4.56675
 1.0 5.5619
 1.0 6.28343
 1.0 5.5654
 1.0 5.20745
 1.0 6.58903
 1.0 6.76507
 1.0 6.10123
 1.0 6.76343
 1.0 6.58735
 1.0 7.20618
 1.0 9.10948
 1.0 8.26143
 1.0 8.02013
 1.0 8.62473
 1.0 8.75581
 1.0 9.64053
 1.0 10.071
 1.0 10.8485
 1.0 12.03501
 1.0 12.93473
 1.0 12.28812
 1.0 13.40414
 1.0 13.02185
 1.0 14.29855
 1.0 14.80285
 1.0 15.13877
 1.0 13.93844
 1.0 14.51016
 1.0 15.61758
 1.0 15.13915
 1.0 16.39404
 1.0 16.13248
 1.0 15.61953
 1.0 14.29759
 1.0 13.25805
 1.0 11.93458
 1.0 12.28765
 1.0 13.40349
 1.0 13.9432
 2.0 12.93339
 1.0 13.72002
 1.0 12.93467
 1.0 11.77471
 1.0 11.13183
 1.0 10.07287
 2.0 8.97415
 1.0 8.01795
 1.0 7.0404
 1.0 6.28213
 1.0 5.56191
 1.0 6.75809
 1.0 7.46782
 2.0 6.76057
 1.0 8.02243
 2.0 8.26229
 1.0 7.62723
 1.0 8.26129
 1.0 8.0214
 1.0 8.62719
 1.0 8.02176
 2.0 6.58779
 3.0 6.76223
 1.0 5.56642
 2.0 5.20642
 2.0 4.97944
 1.0 9.48344
 1.0 8.76221
 1.0 8.62409
 1.0 9.43905
 1.0 9.63853
 1.0 10.37328
 1.0 10.84516
 1.0 11.77029
 1.0 12.93238
 1.0 13.71643
 1.0 12.92957
 1.0 13.93825
 1.0 13.39833
 1.0 14.58846
 1.0 15.13381
 1.0 15.6124
 1.0 14.50556
 1.0 15.20965
 1.0 16.31708
 1.0 15.81119
 1.0 17.06207
 1.0 16.76508
 1.0 16.12834
 1.0 14.79968
 1.0 13.85487
 1.0 12.53282
 1.0 12.92933
 1.0 13.93783
 1.0 14.51091
 1.0 13.48637
 1.0 14.29659
 1.0 13.48759
 1.0 12.44287
 1.0 11.77092
 1.0 10.84766
 1.0 9.75706
 2.0 8.97354
 1.0 8.01623
 1.0 7.03566
 1.0 6.27947
 1.0 7.46447
 1.0 8.39476
 1.0 7.87244
 1.0 7.62468
 1.0 8.98032
 1.0 9.11118
 2.0 8.76235
 1.0 8.62653
 1.0 9.44245
 1.0 8.97972
 1.0 7.62434
 1.0 7.87458
 2.0 6.761
 1.0 6.58697
 1.0 6.287
 1.0 9.44141
 1.0 8.62799
 1.0 8.75775
 1.0 9.64317
 1.0 10.07242
 1.0 10.84877
 1.0 11.50504
 1.0 12.44427
 1.0 13.49158
 1.0 14.29897
 1.0 13.48785
 1.0 14.51094
 1.0 13.93685
 1.0 15.13565
 1.0 15.80993
 1.0 16.31672
 1.0 15.21019
 1.0 15.93231
 1.0 16.94721
 1.0 16.31862
 1.0 17.48925
 1.0 17.06371
 1.0 16.391
 1.0 15.13676
 1.0 14.15976
 1.0 12.92913
 1.0 13.48762
 1.0 14.51053
 1.0 15.21566
 1.0 14.29621
 1.0 15.21674
 1.0 14.5128
 1.0 13.49006
 1.0 12.93294
 1.0 12.03447
 1.0 10.84895
 1.0 10.07343
 1.0 8.9751
 1.0 8.01484
 1.0 7.46448
 1.0 8.7557
 1.0 9.64188
 1.0 9.10571
 1.0 8.9794
 1.0 10.38255
 1.0 10.56977
 1.0 9.76842
 1.0 10.27087
 2.0 10.07838
 1.0 10.85662
 1.0 10.38203
 1.0 8.97911
 1.0 7.87388
 1.0 7.62363
 1.0 7.47083
 2.0 8.9819
 1.0 8.0242
 1.0 8.06754
 1.0 7.20672
 1.0 7.46684
 1.0 8.39623
 1.0 8.97332
 1.0 9.75772
 1.0 10.5567
 1.0 11.50602
 1.0 12.44563
 2.0 13.2585
 1.0 12.44204
 1.0 13.48723
 1.0 12.92784
 1.0 14.15758
 1.0 14.92863
 1.0 15.41397
 1.0 14.29157
 1.0 15.00608
 1.0 15.93407
 1.0 15.21277
 1.0 16.32016
 1.0 15.81419
 1.0 15.13751
 1.0 13.93766
 1.0 12.92958
 1.0 11.76839
 1.0 12.4418
 1.0 13.4868
 1.0 14.297
 1.0 13.48802
 1.0 14.51358
 1.0 13.9418
 1.0 12.53831
 1.0 11.67541
 1.0 10.37454
 1.0 9.64075
 1.0 8.39447
 1.0 7.46449
 1.0 7.20116
 1.0 8.62266
 1.0 9.43833
 1.0 8.97601
 1.0 9.10723
 1.0 10.56662
 1.0 10.9651
 1.0 10.27141
 1.0 10.67831
 2.0 10.26898
 1.0 10.96284
 1.0 10.56664
 2.0 9.10725
 1.0 8.9785
 1.0 7.6229
 2.0 7.4686
 1.0 7.62436
 1.0 9.44424
 1.0 7.62589
 1.0 6.59044
 1.0 6.7615
 1.0 7.47018
 1.0 8.01838
 1.0 8.97546
 1.0 9.75996
 1.0 11.51085
 1.0 12.44852
 1.0 11.77453
 1.0 12.93493
 1.0 12.53768
 1.0 13.85905
 1.0 14.59321
 1.0 14.93422
 1.0 13.7158
 1.0 14.29682
 1.0 15.21733
 1.0 14.51362
 1.0 15.62114
 1.0 15.14283
 1.0 14.59514
 1.0 13.40413
 1.0 12.2888
 1.0 11.12988
 1.0 11.77403
 1.0 12.93426
 1.0 13.72064
 1.0 12.93511
 1.0 13.94578
 1.0 13.4072
 1.0 12.29146
 1.0 11.93965
 1.0 10.95853
 2.0 9.64132
 2.0 8.75763
 1.0 7.46784
 1.0 6.75852
 2.0 6.58397
 1.0 8.01792
 1.0 8.62331
 1.0 8.25759
 1.0 9.76416
 1.0 9.76615
 1.0 10.26952
 1.0 9.76473
 1.0 10.26764
 1.0 9.76418
 1.0 8.25761
 1.0 8.01969
 1.0 6.58569
 1.0 6.28392
 1.0 8.62721
 1.0 8.02212
 1.0 7.67968
 1.0 6.76726
 1.0 6.58957
 1.0 7.20706
 1.0 7.46829
 1.0 8.3965
 1.0 8.97451
 1.0 9.76025
 1.0 10.85209
 1.0 11.77665
 1.0 11.13238
 1.0 12.29059
 1.0 11.93759
 1.0 13.26053
 1.0 13.85904
 1.0 14.16266
 1.0 12.93148
 1.0 13.48845
 1.0 14.51399
 1.0 13.94243
 1.0 15.14318
 1.0 14.80737
 1.0 14.30127
 1.0 13.02397
 1.0 11.93806
 1.0 10.66873
 1.0 11.13185
 1.0 12.28989
 1.0 12.93618
 1.0 12.0354
 1.0 12.93682
 1.0 12.29123
 1.0 11.13333
 1.0 10.67103
 1.0 9.64131
 1.0 8.3951
 1.0 6.28478
 1.0 5.56391
 1.0 5.20317
 1.0 6.58438
 1.0 7.20308
 1.0 6.58483
 1.0 8.25827
 1.0 8.76078
 1.0 8.2596
 1.0 8.76077
 1.0 8.25826
 1.0 8.75952
 1.0 8.25828
 1.0 6.58695
 1.0 4.97722
 1.0 6.58739
 1.0 6.58823
 1.0 5.20749
 1.0 7.6324
 1.0 6.59544
 1.0 6.29234
 1.0 6.59209
 1.0 6.76434
 2.0 7.87743
 1.0 8.4001
 1.0 8.97915
 1.0 10.07872
 1.0 11.13886
 1.0 10.67576
 1.0 11.94456
 1.0 11.78037
 1.0 13.17896
 1.0 13.72507
 1.0 13.86465
 1.0 12.54209
 1.0 12.93684
 1.0 13.94759
 1.0 13.4095
 1.0 14.60121
 1.0 14.3067
 1.0 13.95017
 1.0 12.69816
 1.0 11.51368
 1.0 10.26684
 1.0 10.67495
 1.0 11.94361
 1.0 12.54605
 1.0 11.6811
 1.0 12.54627
 1.0 11.94406
 1.0 10.67546
 1.0 10.26762
 1.0 9.10692
 1.0 6.76221
 1.0 5.5684
 1.0 4.97714
 1.0 6.28473
 1.0 6.58566
 1.0 5.7689
 1.0 6.09577
 1.0 7.62177
 1.0 8.25692
 2.0 8.01897
 1.0 8.62524
 1.0 8.25693
 3.0 7.62179
 1.0 6.09579
 1.0 5.77036
 1.0 3.8324
 1.0 6.58612
 2.0 6.28524
 2.0 4.97721
 1.0 6.3561
 1.0 5.21498
 1.0 4.98504
 1.0 5.21182
 1.0 5.56997
 1.0 7.4727
 1.0 8.98072
 1.0 10.07983
 1.0 9.64654
 1.0 10.96414
 1.0 10.85689
 1.0 12.29779
 1.0 12.94176
 1.0 13.03015
 1.0 11.67924
 1.0 12.03775
 1.0 12.29421
 1.0 13.41159
 1.0 13.03081
 1.0 12.69992
 1.0 11.5144
 2.0 10.26848
 1.0 9.64564
 1.0 10.9631
 1.0 11.68302
 1.0 10.96335
 1.0 11.94594
 1.0 11.51584
 1.0 10.26927
 1.0 8.9791
 1.0 7.62506
 1.0 4.98051
 1.0 5.20689
 1.0 6.58691
 1.0 6.75933
 1.0 6.09397
 1.0 6.75811
 1.0 8.25525
 1.0 9.1045
 1.0 8.97693
 1.0 9.44097
 1.0 8.6246
 1.0 8.25594
 1.0 6.75854
 1.0 6.0958
 1.0 4.56981
 1.0 4.30686
 2.0 6.58445
 1.0 3.83384
 1.0 6.77371
 1.0 5.57738
 1.0 5.21813
 1.0 4.98838
 1.0 5.21657
 1.0 6.59792
 1.0 7.21583
 1.0 7.47829
 1.0 8.40674
 1.0 9.65374
 1.0 9.45012
 1.0 10.86431
 1.0 10.97043
 1.0 12.46138
 1.0 13.03844
 1.0 12.94756
 1.0 11.51923
 1.0 11.68495
 1.0 12.5503
 1.0 11.94898
 1.0 13.03676
 1.0 12.7056
 1.0 12.55292
 2.0 11.41963
 1.0 10.08445
 1.0 8.98528
 1.0 9.44892
 1.0 10.86301
 1.0 11.5221
 1.0 10.86275
 1.0 11.78814
 1.0 10.08362
 1.0 9.96664
 1.0 8.76428
 1.0 7.47526
 1.0 4.98387
 1.0 5.21329
 1.0 5.56936
 1.0 6.76301
 1.0 6.58651
 1.0 5.76747
 1.0 6.58273
 1.0 8.01553
 1.0 9.10358
 1.0 9.64275
 1.0 8.62269
 1.0 8.01624
 1.0 6.58317
 1.0 5.76844
 1.0 4.30813
 1.0 3.83023
 1.0 4.97499
 1.0 6.28171
 1.0 7.46638
 1.0 7.62145
 1.0 8.08014
 1.0 6.77166
 1.0 6.59873
 1.0 6.29805
 1.0 6.60002
 1.0 8.03353
 1.0 8.63942
 1.0 8.77286
 1.0 9.65776
 1.0 10.97502
 1.0 10.86686
 1.0 12.30749
 1.0 12.4627
 1.0 13.96108
 1.0 14.53229
 1.0 14.39767
 1.0 12.94948
 1.0 13.03846
 1.0 13.87587
 1.0 13.27581
 1.0 14.31755
 1.0 13.9609
 1.0 13.87744
 1.0 12.80035
 1.0 11.42278
 1.0 10.39002
 1.0 10.86555
 1.0 12.30611
 1.0 12.95203
 1.0 12.30566
 1.0 13.18905
 1.0 12.7997
 1.0 11.42132
 1.0 11.24877
 1.0 9.96775
 1.0 8.76742
 1.0 7.47637
 1.0 6.29403
 1.0 6.59448
 1.0 6.76421
 2.0 7.87593
 1.0 6.58525
 1.0 7.20193
 1.0 8.62204
 1.0 9.43657
 1.0 9.64044
 1.0 10.378
 1.0 9.64245
 1.0 9.43863
 1.0 8.62205
 1.0 7.20195
 1.0 6.58526
 2.0 5.20586
 1.0 4.30748
 1.0 5.20375
 1.0 6.58359
 1.0 7.62071
 1.0 7.87176
 1.0 6.75895
 1.0 5.56443
 1.0 4.57041
 1.0 9.117
 1.0 7.88305
 1.0 7.63344
 1.0 7.47976
 1.0 7.63418
 1.0 8.98899
 1.0 9.45214
 1.0 9.65514
 1.0 10.68589
 1.0 11.95431
 1.0 11.78908
 1.0 13.18737
 1.0 13.27367
 1.0 14.74184
 1.0 15.23275
 1.0 15.15594
 1.0 13.73172
 1.0 13.87203
 1.0 14.81988
 1.0 14.31404
 1.0 15.43678
 1.0 15.15797
 1.0 15.02911
 1.0 13.87381
 1.0 12.55311
 1.0 11.41911
 1.0 11.78787
 1.0 13.18608
 1.0 13.73454
 1.0 12.94814
 1.0 13.73413
 1.0 13.18523
 1.0 11.78692
 1.0 11.41764
 1.0 10.08221
 1.0 8.98431
 1.0 7.62976
 1.0 6.59449
 1.0 6.76668
 1.0 6.58772
 1.0 7.62391
 1.0 7.47076
 1.0 6.28519
 1.0 8.01724
 1.0 8.62138
 1.0 8.75475
 1.0 9.641
 2.0 9.10386
 1.0 8.97538
 1.0 8.01656
 1.0 6.58356
 1.0 6.28476
 2.0 3.83309
 1.0 4.30811
 1.0 5.76891
 2.0 6.58442
 1.0 6.75894
 1.0 5.56342
 1.0 4.5704
 1.0 3.51625
 2.0 5.77374
 1.0 8.80928
 1.0 7.62913
 1.0 7.47419
 1.0 7.62876
 2.0 7.87812
 1.0 9.11091
 1.0 9.64793
 1.0 10.0806
 1.0 11.14134
 1.0 12.29915
 1.0 11.94524
 1.0 13.26784
 1.0 13.17809
 1.0 14.60191
 1.0 15.14824
 1.0 15.22473
 1.0 13.86442
 1.0 14.16871
 1.0 15.14882
 1.0 14.60155
 1.0 15.75267
 1.0 15.42959
 2.0 15.15009
 1.0 13.94993
 1.0 12.69945
 1.0 11.5134
 1.0 11.94428
 1.0 13.26677
 1.0 13.868
 1.0 13.03094
 1.0 13.8682
 1.0 13.26717
 1.0 11.94473
 1.0 11.5141
 1.0 10.26841
 1.0 9.10811
 2.0 7.87594
 1.0 6.76423
 1.0 6.58773
 1.0 6.28338
 1.0 7.4674
 1.0 7.62283
 1.0 6.58564
 1.0 6.75931
 1.0 8.2569
 1.0 8.75791
 1.0 8.62329
 1.0 9.43919
 1.0 8.97567
 1.0 9.10478
 2.0 8.25625
 1.0 6.75891
 1.0 6.58608
 2.0 5.20584
 1.0 4.30939
 1.0 4.5716
 1.0 6.0976
 1.0 6.7614
 1.0 6.58694
 1.0 4.31069
 1.0 2.91586
 1.0 3.51782
 1.0 2.91588
 2.0 4.312
 1.0 2.91779
 1.0 8.98319
 1.0 8.76337
 1.0 9.11001
 1.0 10.27035
 1.0 10.67675
 1.0 11.1393
 1.0 12.29847
 1.0 13.41382
 1.0 13.03033
 1.0 14.30645
 1.0 14.16829
 1.0 15.55097
 1.0 16.0164
 1.0 16.1372
 1.0 14.80879
 1.0 15.14567
 1.0 16.21058
 1.0 15.74982
 1.0 16.96041
 1.0 16.70738
 1.0 16.40193
 1.0 15.14732
 1.0 13.94933
 1.0 12.6968
 1.0 13.02944
 1.0 14.30546
 1.0 14.81252
 1.0 13.86497
 1.0 14.60169
 1.0 13.86517
 1.0 12.54466
 1.0 11.94191
 1.0 10.67436
 1.0 9.64442
 1.0 8.39968
 1.0 7.47224
 1.0 7.20457
 1.0 6.58265
 1.0 7.61989
 1.0 7.87309
 1.0 6.76134
 1.0 6.58605
 1.0 8.01998
 1.0 8.25756
 1.0 8.01721
 1.0 8.97503
 1.0 8.75631
 1.0 8.97628
 2.0 8.01861
 2.0 6.58522
 1.0 6.76136
 1.0 5.56687
 1.0 4.5734
 1.0 4.31131
 1.0 5.77273
 1.0 6.09941
 1.0 5.77177
 1.0 4.31002
 1.0 3.83597
 1.0 2.9149
 1.0 4.31007
 1.0 4.57285
 1.0 11.28045
 1.0 10.08204
 1.0 10.08312
 1.0 10.27334
 1.0 11.51897
 1.0 11.94846
 1.0 12.30138
 1.0 13.41838
 1.0 14.60782
 1.0 14.30995
 1.0 15.63065
 1.0 15.55347
 1.0 16.96055
 1.0 17.43311
 1.0 17.50041
 1.0 16.13995
 1.0 16.40293
 1.0 17.436
 1.0 16.96253
 1.0 18.13539
 1.0 17.85532
 1.0 17.61341
 2.0 16.40378
 1.0 15.15154
 1.0 13.95091
 1.0 14.30895
 1.0 15.62956
 1.0 16.14338
 2.0 15.22724
 1.0 15.94997
 1.0 13.86857
 1.0 13.26693
 1.0 11.94517
 1.0 10.96378
 1.0 9.64816
 1.0 8.76422
 1.0 8.62648
 1.0 8.01683
 1.0 8.97531
 1.0 9.10748
 1.0 7.87521
 1.0 7.62319
 1.0 8.97843
 1.0 9.10567
 1.0 8.97442
 1.0 10.07338
 1.0 9.95768
 1.0 10.07532
 1.0 8.97659
 1.0 7.62211
 1.0 7.87453
 1.0 6.76259
 1.0 5.56787
 1.0 5.20743
 1.0 6.5886
 1.0 6.7626
 1.0 6.58733
 1.0 4.97939
 1.0 4.30938
 1.0 4.97607
 1.0 5.20482
 1.0 5.56593
 1.0 12.54965
 1.0 11.41703
 1.0 11.24512
 1.0 11.41774
 1.0 11.5185
 1.0 12.70295
 1.0 13.03393
 1.0 13.41628
 1.0 14.60763
 1.0 15.75617
 1.0 15.42992
 1.0 16.70819
 1.0 16.58903
 1.0 17.95784
 1.0 18.36236
 1.0 18.46857
 1.0 17.14011
 1.0 17.43279
 1.0 18.53422
 1.0 18.13246
 1.0 19.3548
 1.0 19.13332
 1.0 18.8663
 1.0 17.61055
 1.0 15.14877
 1.0 15.42899
 1.0 16.70717
 1.0 17.14366
 1.0 16.14026
 1.0 16.77769
 1.0 15.94681
 1.0 14.60261
 1.0 13.86554
 1.0 12.54575
 1.0 11.68198
 1.0 10.38356
 2.0 9.64874
 1.0 9.44091
 1.0 8.62132
 1.0 9.43737
 1.0 9.64527
 1.0 8.40066
 1.0 7.8745
 1.0 9.1084
 1.0 8.97812
 1.0 8.75567
 1.0 9.95656
 1.0 10.07337
 1.0 10.26624
 1.0 9.10597
 1.0 7.87311
 1.0 8.39969
 1.0 7.47187
 2.0 6.28915
 2.0 5.56886
 1.0 6.76464
 1.0 6.58985
 1.0 6.28694
 1.0 4.97826
 1.0 5.20903
 1.0 4.57159
 1.0 4.3094
 1.0 5.20374
 1.0 5.56643
 1.0 12.57691
 1.0 11.51569
 1.0 11.41263
 1.0 11.78208
 1.0 11.94409
 1.0 13.0297
 1.0 13.40985
 1.0 13.94972
 1.0 16.21178
 1.0 15.7477
 1.0 16.95564
 1.0 16.69937
 1.0 18.01609
 1.0 18.46104
 1.0 18.69169
 1.0 17.42545
 1.0 17.8444
 1.0 18.9625
 1.0 18.52838
 1.0 19.76516
 1.0 19.5088
 1.0 19.12562
 1.0 17.84519
 1.0 16.70271
 1.0 15.42235
 1.0 15.74697
 1.0 16.9548
 1.0 17.42958
 1.0 16.39696
 1.0 17.07023
 1.0 16.20709
 1.0 14.9393
 1.0 14.16568
 1.0 12.93779
 1.0 12.03785
 1.0 10.85527
 2.0 10.07805
 1.0 9.64067
 1.0 8.75279
 1.0 9.63863
 1.0 10.0761
 1.0 8.97995
 1.0 8.39933
 1.0 9.647
 1.0 9.44356
 1.0 8.97656
 1.0 10.07391
 1.0 10.26433
 1.0 10.67411
 1.0 9.64472
 1.0 8.39803
 2.0 8.97967
 1.0 8.02171
 1.0 7.04508
 1.0 7.4741
 1.0 7.21037
 1.0 6.59026
 1.0 5.20902
 1.0 5.57036
 1.0 4.57583
 1.0 4.31066
 1.0 3.83381
 1.0 4.30682
 1.0 4.56859
 1.0 5.56444
 1.0 5.20589
 1.0 4.97719
 1.0 11.51277
 1.0 10.56568
 1.0 10.37808
 1.0 10.85362
 1.0 10.95805
 1.0 11.93873
 1.0 12.28895
 1.0 12.93508
 1.0 14.16617
 1.0 15.1433
 1.0 14.59336
 1.0 15.74206
 1.0 15.41641
 1.0 16.69488
 1.0 17.12861
 1.0 17.42084
 1.0 16.19907
 1.0 16.69471
 1.0 17.84083
 1.0 17.42357
 1.0 18.69143
 1.0 18.46245
 1.0 18.01474
 1.0 16.69623
 1.0 15.61893
 1.0 14.29655
 1.0 14.59276
 1.0 15.74133
 1.0 16.20352
 1.0 15.13921
 1.0 15.81668
 1.0 14.93372
 1.0 13.7181
 1.0 12.93221
 1.0 11.77367
 1.0 10.84886
 1.0 9.76126
 1.0 8.97595
 1.0 8.39141
 1.0 7.46069
 1.0 8.39039
 1.0 8.97499
 1.0 8.01995
 1.0 7.46998
 1.0 8.76135
 1.0 8.6284
 1.0 8.01961
 1.0 8.97563
 1.0 9.10321
 1.0 9.64298
 1.0 8.75946
 1.0 7.46889
 1.0 8.02032
 1.0 7.04192
 1.0 6.28739
 1.0 6.76504
 1.0 6.59195
 1.0 5.77511
 1.0 4.31386
 1.0 4.57642
 1.0 3.52252
 1.0 2.91679
 1.0 2.4858
 1.0 2.91302
 1.0 3.51628
 1.0 4.57104
 1.0 4.31008
 1.0 11.8151
 1.0 10.96446
 1.0 10.56565
 1.0 10.96164
 1.0 10.85256
 1.0 11.77708
 1.0 11.93847
 1.0 12.54006
 1.0 13.86243
 1.0 14.80769
 1.0 14.29986
 1.0 15.42056
 1.0 15.13999
 1.0 16.39311
 1.0 16.69571
 1.0 16.94924
 1.0 15.73992
 1.0 16.20131
 1.0 17.42452
 1.0 17.13349
 1.0 18.46334
 1.0 18.35878
 1.0 17.952
 1.0 16.58169
 1.0 15.54617
 1.0 14.16222
 1.0 14.29925
 1.0 15.41982
 1.0 15.74414
 1.0 14.59331
 1.0 15.14196
 1.0 14.16236
 1.0 12.93394
 1.0 12.03276
 1.0 10.84937
 1.0 10.07197
 1.0 8.97624
 1.0 8.39737
 1.0 7.86887
 1.0 6.75353
 1.0 7.46254
 1.0 8.01821
 1.0 7.04347
 1.0 6.28735
 2.0 7.47221
 1.0 7.20842
 1.0 6.58603
 1.0 7.62062
 1.0 7.87027
 1.0 8.39703
 1.0 7.47
 1.0 6.28604
 1.0 7.04349
 1.0 6.28738
 2.0 5.56987
 1.0 4.57643
 1.0 5.57135
 1.0 5.21222
 1.0 4.3145
 1.0 2.92057
 1.0 3.52409
 1.0 2.91876
 1.0 3.51786
 1.0 4.57288
 1.0 5.56746
 1.0 5.20805
 1.0 4.31072
 1.0 4.57346
 2.0 6.09946
 1.0 6.76347
 1.0 13.26813
 1.0 12.45479
 1.0 12.04077
 1.0 12.45253
 1.0 12.29352
 1.0 13.17558
 1.0 13.26153
 1.0 13.862
 1.0 15.22255
 1.0 16.13584
 1.0 15.62105
 1.0 16.69921
 1.0 16.39276
 1.0 17.60045
 1.0 17.83909
 1.0 18.11987
 1.0 16.94873
 1.0 17.42306
 1.0 18.69096
 1.0 18.46197
 1.0 19.82019
 1.0 19.76208
 1.0 19.34418
 1.0 17.95044
 1.0 16.95336
 1.0 15.54491
 1.0 15.6205
 1.0 16.69852
 1.0 16.95298
 1.0 15.74271
 1.0 16.20503
 1.0 15.14065
 1.0 13.94348
 1.0 12.93306
 1.0 11.77508
 1.0 11.13274
 1.0 10.07638
 1.0 9.645
 1.0 9.10231
 1.0 7.86675
 1.0 8.39172
 1.0 8.97809
 1.0 8.02445
 1.0 7.04662
 1.0 8.02618
 1.0 7.47593
 1.0 6.76215
 1.0 7.87168
 1.0 8.3957
 1.0 8.97935
 1.0 8.02343
 1.0 7.04506
 1.0 8.02413
 1.0 7.47337
 1.0 6.76753
 2.0 5.57336
 1.0 6.29444
 1.0 5.57584
 1.0 4.57944
 1.0 3.52566
 1.0 4.58008
 1.0 4.31777
 1.0 4.57043
 1.0 5.56496
 1.0 6.76103
 1.0 5.77134
 1.0 8.26133
 1.0 8.02386
 1.0 6.59034
 1.0 5.77519
 1.0 13.52329
 1.0 12.78832
 1.0 12.44718
 1.0 13.02593
 1.0 12.9334
 1.0 13.71697
 1.0 13.85498
 1.0 14.59125
 1.0 15.93782
 1.0 16.76515
 1.0 16.12653
 1.0 17.12683
 1.0 16.68922
 1.0 17.83256
 1.0 18.11066
 1.0 18.5135
 1.0 17.41428
 1.0 18.00605
 1.0 19.27536
 1.0 19.01284
 1.0 20.37196
 1.0 20.27739
 1.0 19.7528
 1.0 18.34847
 1.0 17.41974
 1.0 16.00462
 1.0 16.12616
 1.0 17.12632
 1.0 17.41905
 1.0 16.19646
 1.0 16.69266
 1.0 15.61261
 1.0 14.50924
 1.0 13.48458
 1.0 12.44209
 1.0 11.77036
 1.0 10.84988
 1.0 10.37608
 1.0 9.63492
 1.0 8.38711
 1.0 8.9685
 1.0 9.76095
 1.0 8.97994
 1.0 8.02375
 1.0 8.98365
 1.0 8.4056
 1.0 8.39635
 1.0 8.975
 1.0 9.76467
 1.0 8.98119
 1.0 8.02238
 1.0 8.98028
 1.0 8.39936
 1.0 7.87806
 1.0 6.76711
 1.0 7.47744
 1.0 6.7712
 1.0 5.57433
 1.0 4.58006
 1.0 5.21279
 1.0 4.30685
 1.0 5.20325
 1.0 6.7602
 1.0 8.98036
 1.0 6.58907
 1.0 12.44655
 1.0 12.28678
 1.0 12.93345
 1.0 13.02034
 1.0 13.85441
 1.0 14.15652
 1.0 14.93042
 1.0 16.20099
 1.0 17.06067
 1.0 16.38582
 1.0 17.41542
 1.0 16.93908
 1.0 18.10915
 1.0 18.5093
 1.0 18.94489
 1.0 17.82897
 1.0 18.44976
 1.0 19.65096
 1.0 19.27307
 1.0 20.57729
 1.0 20.36966
 1.0 19.80829
 1.0 18.45054
 1.0 17.48312
 1.0 16.12205
 1.0 16.38546
 1.0 17.41493
 1.0 17.83394
 1.0 16.68868
 1.0 17.30575
 1.0 16.31437
 1.0 15.21114
 1.0 14.2918
 1.0 13.25454
 1.0 12.44032
 1.0 11.50634
 1.0 10.84811
 1.0 10.06481
 1.0 8.96511
 1.0 9.75299
 1.0 10.5597
 1.0 9.76323
 1.0 8.97932
 1.0 10.08022
 1.0 9.65015
 1.0 8.76134
 1.0 9.64238
 1.0 10.0728
 1.0 10.85373
 1.0 10.07804
 1.0 8.9781
 1.0 9.76383
 1.0 8.97657
 1.0 8.39903
 1.0 7.47262
 1.0 8.40332
 1.0 7.88156
 1.0 6.76749
 1.0 5.57184
 1.0 6.29047
 1.0 4.57218
 1.0 3.82803
 1.0 4.30363
 1.0 5.76556
 1.0 6.09399
 1.0 5.7665
 1.0 8.01726
 1.0 8.97694
 2.0 8.75954
 2.0 7.4697
 1.0 6.28567
 1.0 14.19234
 1.0 13.2625
 1.0 13.17226
 1.0 13.72189
 1.0 13.86044
 1.0 14.80488
 1.0 15.13978
 1.0 15.81759
 1.0 17.06801
 1.0 18.0158
 1.0 17.4218
 1.0 18.51967
 1.0 18.11451
 1.0 19.33395
 1.0 19.74881
 1.0 20.1197
 1.0 18.95016
 1.0 19.49622
 1.0 20.67465
 1.0 20.27736
 1.0 21.5573
 1.0 21.32263
 1.0 20.82371
 1.0 19.49639
 1.0 18.45776
 1.0 17.12829
 1.0 17.4213
 1.0 18.51905
 1.0 18.95484
 1.0 17.83751
 1.0 18.45845
 1.0 17.48749
 1.0 16.321
 1.0 15.41687
 1.0 14.2986
 1.0 13.48975
 1.0 12.44791
 2.0 11.77629
 1.0 11.12777
 1.0 10.06591
 1.0 10.84553
 1.0 11.51019
 1.0 10.56602
 1.0 9.76609
 1.0 10.85884
 1.0 10.38542
 1.0 9.64498
 1.0 10.67227
 1.0 11.13326
 1.0 11.77935
 1.0 10.8563
 1.0 9.76468
 1.0 10.56605
 1.0 9.76412
 1.0 8.98029
 1.0 8.02379
 1.0 8.984
 1.0 8.40563
 1.0 7.4752
 1.0 6.29046
 1.0 7.04665
 1.0 6.28916
 1.0 5.56588
 1.0 5.20425
 1.0 4.97159
 1.0 5.19894
 1.0 6.58105
 1.0 6.7573
 1.0 6.58272
 1.0 7.20349
 1.0 8.62397
 1.0 9.44129
 1.0 8.97912
 1.0 7.62471
 2.0 3.83818
 1.0 14.16113
 1.0 13.17104
 1.0 13.257
 1.0 13.85988
 1.0 14.16245
 1.0 15.13872
 1.0 15.61623
 1.0 16.32226
 1.0 17.49234
 1.0 18.46002
 1.0 17.83693
 1.0 18.95135
 1.0 18.51337
 1.0 19.74713
 1.0 20.26871
 1.0 20.66805
 1.0 19.4918
 1.0 20.06204
 1.0 21.17236
 1.0 20.67224
 1.0 21.89365
 1.0 21.55486
 1.0 21.02449
 1.0 19.75025
 1.0 18.68443
 1.0 17.41717
 1.0 17.83645
 1.0 18.95075
 1.0 19.49664
 1.0 18.45455
 1.0 19.17721
 1.0 18.28726
 1.0 17.13017
 1.0 16.31896
 1.0 15.21625
 1.0 14.29686
 1.0 13.26021
 1.0 12.44614
 1.0 11.76873
 1.0 10.84246
 1.0 11.76942
 1.0 12.44679
 1.0 11.51213
 1.0 10.855
 1.0 12.04269
 1.0 11.68483
 1.0 10.96174
 1.0 11.94074
 1.0 12.29093
 1.0 12.93889
 1.0 12.0404
 1.0 10.85374
 1.0 11.51239
 1.0 10.56289
 1.0 9.76384
 1.0 10.08081
 1.0 9.65047
 1.0 8.76421
 1.0 7.47297
 1.0 8.02309
 1.0 7.0435
 1.0 6.28428
 1.0 5.56239
 1.0 5.1989
 1.0 4.96824
 1.0 6.27725
 1.0 6.58061
 1.0 6.75522
 1.0 7.46596
 1.0 8.75571
 1.0 9.64246
 1.0 9.10572
 1.0 7.87316
 1.0 6.76016
 1.0 2.91874
 1.0 3.52098
 1.0 15.244
 1.0 14.16547
 1.0 14.30031
 1.0 14.80944
 1.0 15.14479
 1.0 16.20579
 1.0 16.69969
 1.0 17.31767
 1.0 18.4671
 1.0 19.50594
 1.0 18.95752
 1.0 20.12566
 1.0 19.75234
 1.0 21.02419
 1.0 21.55107
 1.0 21.89222
 1.0 20.67302
 1.0 21.17549
 1.0 22.2656
 1.0 21.75475
 1.0 22.9528
 1.0 22.59536
 1.0 22.12454
 1.0 20.8798
 1.0 19.75714
 1.0 18.52087
 1.0 18.95691
 1.0 20.12495
 1.0 20.67758
 1.0 19.65813
 1.0 20.37641
 1.0 19.50089
 1.0 18.29334
 1.0 17.49114
 1.0 16.32509
 1.0 15.42139
 1.0 14.30367
 1.0 13.49492
 1.0 12.93201
 1.0 12.02978
 1.0 12.93178
 1.0 13.4947
 1.0 12.45215
 1.0 11.78076
 1.0 12.9436
 1.0 12.54886
 1.0 11.94284
 1.0 13.02729
 1.0 13.40754
 1.0 13.94889
 1.0 12.94105
 1.0 11.77936
 1.0 12.45196
 1.0 11.51265
 1.0 10.56606
 1.0 9.7664
 1.0 10.85938
 1.0 10.38625
 1.0 8.401
 1.0 8.98122
 1.0 8.02172
 1.0 7.46816
 1.0 6.75767
 1.0 6.58016
 1.0 6.2768
 1.0 7.46186
 1.0 7.61813
 1.0 7.86891
 1.0 8.39543
 1.0 9.64189
 1.0 10.37962
 2.0 9.64449
 1.0 8.39842
 1.0 7.46969
 1.0 6.28655
 2.0 3.52099
 1.0 5.56991
 1.0 15.01736
 1.0 13.86451
 1.0 13.9472
 1.0 14.30692
 1.0 14.60118
 1.0 15.74913
 1.0 16.20953
 1.0 16.70669
 1.0 17.85237
 1.0 18.96661
 1.0 18.52823
 1.0 19.76177
 1.0 19.50122
 1.0 20.82635
 1.0 21.32193
 1.0 21.55894
 1.0 20.28104
 1.0 20.68069
 1.0 21.76036
 1.0 21.27381
 1.0 22.4634
 1.0 22.13308
 1.0 21.75948
 1.0 20.52982
 1.0 19.34618
 1.0 18.12402
 1.0 18.52745
 1.0 19.76091
 1.0 20.28514
 1.0 19.28456
 1.0 19.97736
 1.0 19.12352
 1.0 17.84638
 1.0 17.06793
 1.0 15.82105
 1.0 14.93892
 1.0 13.72478
 1.0 12.93997
 1.0 12.5389
 1.0 11.67152
 1.0 12.53711
 1.0 12.93823
 1.0 11.78029
 1.0 11.13675
 1.0 12.29681
 1.0 11.94448
 1.0 11.51023
 1.0 12.69371
 1.0 13.02517
 1.0 13.40922
 1.0 12.29412
 1.0 11.13527
 1.0 11.77961
 1.0 10.85427
 1.0 9.76499
 1.0 8.97937
 1.0 10.08
 1.0 9.64818
 1.0 9.10871
 1.0 7.87452
 1.0 8.3997
 1.0 7.47003
 1.0 7.20306
 1.0 6.58312
 1.0 6.7548
 1.0 6.57934
 1.0 7.61777
 1.0 7.46522
 1.0 7.61959
 1.0 9.10541
 1.0 9.64478
 1.0 8.76049
 1.0 7.47045
 2.0 5.20908
 1.0 15.04603
 1.0 13.95082
 1.0 13.86607
 1.0 14.17288
 1.0 14.30803
 1.0 15.42795
 1.0 15.75049
 1.0 16.21363
 1.0 17.43647
 1.0 18.53407
 1.0 18.12831
 1.0 19.34744
 1.0 19.12209
 1.0 20.43403
 1.0 20.82739
 1.0 21.03303
 1.0 19.76033
 1.0 20.13171
 1.0 21.27588
 1.0 20.88976
 1.0 22.13519
 1.0 21.90645
 1.0 21.56489
 1.0 20.28502
 1.0 19.12676
 1.0 17.84594
 1.0 18.12752
 1.0 19.34656
 1.0 19.76426
 1.0 18.69418
 1.0 19.28771
 1.0 18.35944
 1.0 17.07053
 1.0 16.20689
 1.0 14.94002
 1.0 14.16784
 1.0 12.94123
 1.0 12.29658
 1.0 11.93865
 1.0 10.95313
 1.0 11.67341
 1.0 12.03946
 1.0 10.85731
 1.0 11.13975
 1.0 10.67646
 1.0 10.26353
 1.0 11.50782
 1.0 11.9382
 1.0 12.29367
 1.0 11.13677
 1.0 10.07641
 1.0 10.85632
 1.0 10.07834
 1.0 8.98154
 1.0 8.02345
 1.0 8.98308
 1.0 8.403
 1.0 6.76217
 1.0 7.47226
 1.0 6.76302
 1.0 6.58481
 1.0 6.28255
 1.0 6.58018
 1.0 6.754
 1.0 7.86892
 1.0 7.6207
 1.0 7.46634
 1.0 7.62288
 1.0 8.97849
 1.0 9.44364
 2.0 6.5899
 1.0 4.31263
 1.0 15.02437
 1.0 13.87071
 1.0 13.72955
 1.0 13.87248
 1.0 13.95552
 1.0 15.15374
 1.0 15.43223
 1.0 15.75755
 1.0 16.96793
 1.0 18.13751
 1.0 17.85358
 1.0 19.13154
 1.0 19.0264
 1.0 20.38324
 1.0 20.74037
 1.0 20.8354
 1.0 19.5096
 1.0 19.76821
 1.0 20.89561
 1.0 20.54009
 1.0 21.77031
 1.0 21.57365
 1.0 21.33615
 1.0 20.07975
 1.0 18.86716
 1.0 17.61085
 1.0 17.85262
 1.0 19.1305
 1.0 19.513
 1.0 18.46974
 1.0 19.02944
 1.0 18.13009
 1.0 16.77667
 1.0 15.94505
 1.0 14.60165
 1.0 13.86674
 1.0 12.54819
 1.0 11.94749
 1.0 11.77817
 1.0 10.84836
 1.0 11.50755
 1.0 11.68103
 1.0 10.38303
 1.0 9.64443
 1.0 10.67594
 1.0 10.26598
 1.0 10.0698
 1.0 11.40426
 1.0 11.77372
 1.0 11.94055
 1.0 10.67283
 1.0 9.64271
 1.0 10.38145
 1.0 9.64646
 1.0 8.40169
 1.0 7.47188
 1.0 8.40136
 1.0 7.62284
 1.0 7.20654
 1.0 6.58777
 1.0 6.7585
 1.0 6.58398
 1.0 7.19962
 1.0 7.46411
 1.0 8.76144
 1.0 8.0249
 1.0 6.29009
 1.0 16.24115
 1.0 15.02606
 1.0 14.94833
 1.0 15.02899
 1.0 15.15743
 1.0 16.40988
 1.0 16.71432
 1.0 16.9702
 1.0 18.14288
 1.0 19.36182
 1.0 19.1359
 1.0 20.44763
 1.0 20.38665
 1.0 21.7657
 1.0 22.13578
 1.0 22.19045
 1.0 20.83913
 1.0 21.04518
 1.0 22.14308
 1.0 21.77209
 1.0 22.97057
 1.0 22.74999
 1.0 22.55878
 1.0 21.33757
 1.0 20.08501
 1.0 18.86818
 1.0 19.13486
 1.0 20.44653
 1.0 20.84232
 1.0 19.82938
 1.0 20.39003
 1.0 19.51313
 1.0 18.13454
 1.0 17.32274
 1.0 15.94941
 1.0 15.22849
 1.0 13.87156
 1.0 13.27217
 1.0 13.17804
 1.0 12.29003
 1.0 12.93588
 1.0 13.03197
 1.0 11.68486
 1.0 10.96228
 1.0 11.9452
 1.0 11.51219
 1.0 11.405
 1.0 12.78231
 1.0 13.17259
 1.0 13.26404
 1.0 11.94195
 1.0 10.96052
 1.0 11.68298
 1.0 10.96457
 1.0 9.64877
 1.0 9.6482
 1.0 9.10904
 1.0 8.97752
 1.0 8.62717
 1.0 8.02105
 1.0 8.2559
 1.0 8.01725
 1.0 8.62009
 1.0 8.75381
 1.0 9.10542
 1.0 8.97663
 1.0 8.76017
 1.0 9.96332
 1.0 10.08144
 1.0 8.98346
 1.0 7.62837
 1.0 7.47417
 1.0 6.28965
 1.0 5.77421
 1.0 6.09944
 1.0 16.41129
 1.0 15.15785
 1.0 15.02971
 1.0 14.95503
 1.0 15.03301
 1.0 16.34336
 1.0 16.60275
 1.0 16.72164
 1.0 17.8676
 1.0 19.14535
 1.0 19.03955
 1.0 20.3962
 1.0 20.44926
 1.0 21.86046
 1.0 22.1942
 1.0 22.14382
 1.0 20.75163
 1.0 20.84714
 1.0 21.92
 1.0 21.5811
 1.0 22.75597
 1.0 22.56765
 1.0 22.47871
 1.0 21.2888
 1.0 19.99379
 1.0 18.81168
 1.0 19.03836
 1.0 20.39495
 1.0 20.7543
 1.0 19.7755
 1.0 20.29937
 1.0 19.45766
 1.0 18.03115
 1.0 17.25879
 1.0 15.83018
 1.0 15.15497
 1.0 13.7335
 1.0 13.1869
 1.0 13.26882
 1.0 12.4486
 1.0 13.02686
 1.0 12.94362
 1.0 11.5182
 1.0 10.8548
 1.0 11.78034
 2.0 11.40794
 1.0 11.50399
 1.0 12.93142
 1.0 13.25986
 1.0 13.17514
 1.0 11.77705
 1.0 10.85302
 1.0 11.51581
 1.0 10.85864
 1.0 9.44596
 1.0 8.62781
 1.0 9.44361
 1.0 8.97784
 1.0 8.25489
 1.0 8.75983
 1.0 8.25861
 1.0 8.75698
 1.0 8.62332
 1.0 9.43656
 1.0 9.64016
 1.0 9.44099
 1.0 9.96668
 1.0 7.62945
 1.0 15.26018
 1.0 13.95876
 1.0 13.87567
 1.0 13.73805
 1.0 13.87905
 1.0 15.23805
 1.0 15.56596
 1.0 15.6429
 1.0 16.72367
 1.0 18.03984
 1.0 17.97115
 1.0 19.36296
 1.0 19.45913
 1.0 20.9004
 1.0 21.2858
 1.0 21.19635
 1.0 19.77637
 1.0 19.83713
 1.0 20.85036
 1.0 20.45594
 1.0 21.58421
 1.0 21.34931
 1.0 21.29222
 1.0 20.14787
 1.0 18.8151
 1.0 17.68596
 1.0 17.96989
 1.0 19.36165
 1.0 19.77889
 1.0 18.87303
 1.0 19.46097
 1.0 18.70623
 1.0 17.26203
 1.0 16.59453
 1.0 15.15388
 1.0 14.39336
 1.0 12.94749
 1.0 12.30338
 1.0 12.45463
 1.0 12.44816
 1.0 12.29683
 1.0 10.8571
 1.0 10.37745
 1.0 11.40964
 1.0 11.23396
 1.0 11.40087
 1.0 12.77972
 1.0 12.93314
 1.0 12.78494
 1.0 11.40673
 1.0 10.37586
 1.0 10.85482
 1.0 10.07865
 1.0 8.62782
 1.0 8.01932
 1.0 8.97723
 1.0 8.75602
 1.0 8.97289
 1.0 8.01447
 1.0 8.25457
 1.0 8.97353
 1.0 9.10297
 1.0 9.64334
 1.0 8.02109
 1.0 8.9816
 1.0 8.76463
 1.0 6.29055
 1.0 5.77518
 1.0 6.28788
 1.0 6.76059
 1.0 7.87459
 1.0 7.62509
 1.0 6.10127
 1.0 15.233
 1.0 13.87371
 1.0 13.95794
 1.0 13.8777
 1.0 14.18245
 1.0 15.5644
 1.0 16.0315
 1.0 16.15477
 1.0 17.15831
 1.0 18.48531
 1.0 18.37571
 1.0 19.77809
 1.0 19.8328
 1.0 21.28504
 1.0 21.77082
 1.0 21.71933
 1.0 20.29777
 1.0 20.39527
 1.0 21.34581
 1.0 20.84931
 1.0 21.92207
 1.0 21.5832
 1.0 21.49057
 1.0 20.39554
 1.0 19.03943
 1.0 17.96775
 1.0 18.37447
 1.0 19.7768
 1.0 20.3005
 1.0 19.45899
 1.0 20.14566
 1.0 19.45755
 1.0 18.03057
 1.0 17.43723
 1.0 16.02402
 1.0 15.15389
 1.0 13.7317
 1.0 12.94751
 1.0 13.03199
 1.0 12.44794
 1.0 13.26213
 1.0 13.17891
 1.0 11.78104
 1.0 11.40915
 1.0 12.5425
 1.0 12.44576
 1.0 12.53519
 1.0 13.8574
 1.0 13.94316
 1.0 13.86162
 1.0 12.53985
 1.0 11.4077
 1.0 11.77918
 1.0 10.85559
 1.0 9.44186
 1.0 8.97661
 1.0 10.07563
 1.0 9.95772
 1.0 10.07258
 1.0 8.97321
 1.0 9.1048
 1.0 8.25626
 1.0 8.75603
 1.0 8.25492
 1.0 9.10236
 1.0 9.43982
 1.0 8.75891
 1.0 8.25898
 1.0 9.10971
 1.0 8.98254
 2.0 6.76553
 2.0 6.10128
 1.0 7.20582
 1.0 7.46935
 1.0 8.39911
 1.0 7.8753
 1.0 6.76266
 1.0 16.62228
 1.0 15.23412
 1.0 15.36175
 1.0 15.23866
 1.0 15.56692
 1.0 16.97336
 1.0 17.44746
 1.0 17.51709
 1.0 18.48908
 1.0 19.84446
 1.0 19.78105
 1.0 21.20031
 1.0 21.28726
 1.0 22.74902
 1.0 23.23766
 1.0 23.15635
 1.0 21.72164
 1.0 21.77761
 1.0 22.7049
 1.0 22.20378
 1.0 23.24786
 1.0 22.89465
 1.0 22.84093
 1.0 21.77773
 1.0 20.39936
 1.0 19.36239
 1.0 19.77976
 1.0 21.19898
 1.0 21.72419
 1.0 20.9024
 1.0 21.57918
 1.0 20.90066
 1.0 19.45984
 1.0 18.8698
 1.0 17.43916
 1.0 16.59656
 1.0 15.15611
 1.0 14.3957
 1.0 14.52461
 1.0 13.94651
 1.0 14.7305
 1.0 14.60323
 1.0 13.17977
 1.0 12.7871
 1.0 13.86382
 1.0 13.71919
 1.0 13.856
 1.0 15.21652
 1.0 15.34579
 1.0 15.2211
 1.0 13.86102
 1.0 12.78559
 1.0 13.17768
 1.0 12.29642
 1.0 10.85585
 1.0 10.3788
 1.0 11.41087
 1.0 11.23766
 1.0 11.40769
 1.0 10.37532
 1.0 10.56347
 1.0 9.76247
 1.0 10.26439
 1.0 9.76133
 1.0 10.56137
 1.0 10.37668
 1.0 10.85408
 1.0 10.07703
 2.0 10.26739
 1.0 9.76534
 1.0 10.56877
 1.0 10.38501
 1.0 8.98317
 1.0 8.02422
 1.0 8.26302
 1.0 7.62728
 1.0 5.77326
 1.0 6.5895
 1.0 8.02282
 1.0 8.62657
 1.0 8.75955
 1.0 9.64595
 1.0 9.1091
 1.0 7.87601
 1.0 16.78328
 1.0 15.35963
 1.0 15.63587
 1.0 15.56536
 1.0 16.03277
 1.0 17.44575
 1.0 18.03692
 1.0 18.1475
 1.0 19.04677
 1.0 20.40294
 1.0 20.30274
 1.0 21.72346
 1.0 21.77238
 1.0 23.23685
 1.0 23.81343
 1.0 23.76695
 1.0 22.33677
 1.0 22.42603
 1.0 23.29432
 1.0 22.70381
 1.0 23.69322
 1.0 23.2468
 1.0 23.16034
 1.0 22.14764
 1.0 20.75651
 1.0 19.77767
 1.0 20.30148
 1.0 21.72216
 1.0 22.33949
 1.0 21.57726
 1.0 22.338
 1.0 21.71907
 1.0 20.29818
 1.0 19.77259
 1.0 18.37009
 1.0 17.43917
 1.0 16.02613
 1.0 15.15612
 1.0 15.22781
 1.0 14.73032
 1.0 15.62441
 1.0 15.55419
 1.0 14.17144
 1.0 13.86341
 1.0 15.01822
 1.0 14.93715
 1.0 15.01155
 1.0 16.32347
 1.0 16.39652
 1.0 16.32723
 1.0 15.01564
 1.0 13.86202
 1.0 14.16969
 2.0 13.17853
 1.0 11.77989
 1.0 11.41038
 1.0 12.54362
 1.0 12.44911
 1.0 12.54139
 1.0 11.51197
 1.0 10.56348
 1.0 10.95878
 1.0 10.26467
 1.0 10.95802
 2.0 10.5619
 1.0 10.96057
 1.0 10.67471
 1.0 10.96465
 1.0 10.85923
 1.0 9.44544
 1.0 8.62916
 1.0 8.76368
 1.0 8.26168
 2.0 6.7639
 1.0 7.20776
 2.0 8.62851
 1.0 9.44249
 1.0 9.64481
 2.0 10.38207
 1.0 9.64683
 1.0 8.40011
 2.0 7.87673
 1.0 5.56894
 1.0 6.28966
 1.0 18.22475
 1.0 16.78463
 1.0 17.08353
 1.0 16.97391
 1.0 17.44832
 1.0 18.87871
 1.0 19.46645
 1.0 19.52974
 1.0 20.4065
 1.0 21.78492
 1.0 21.72628
 1.0 23.16023
 1.0 23.23901
 1.0 24.71079
 1.0 25.28452
 1.0 25.21036
 1.0 23.76906
 1.0 23.8208
 1.0 24.67188
 1.0 24.08286
 1.0 25.04918
 1.0 24.59576
 1.0 24.54531
 1.0 23.55879
 1.0 22.15116
 1.0 21.19966
 1.0 21.72498
 1.0 23.15888
 1.0 23.77162
 1.0 23.02267
 1.0 23.76987
 1.0 23.15527
 1.0 21.72113
 1.0 21.19374
 1.0 19.77428
 1.0 18.87159
 1.0 17.44109
 1.0 16.5986
 1.0 16.71001
 1.0 16.20935
 1.0 17.0714
 1.0 16.96203
 1.0 15.55474
 1.0 15.22309
 1.0 16.32927
 1.0 16.20631
 1.0 16.32212
 1.0 17.66856
 1.0 17.78016
 1.0 17.67266
 1.0 16.32656
 1.0 15.22165
 1.0 15.5528
 1.0 14.60269
 1.0 12.78842
 1.0 13.86503
 1.0 13.72283
 1.0 13.86261
 1.0 12.78581
 1.0 12.93917
 1.0 12.03886
 1.0 12.44956
 1.0 11.77754
 1.0 12.44889
 1.0 12.03748
 2.0 12.45159
 1.0 11.78039
 2.0 12.20071
 1.0 11.78134
 1.0 12.45563
 1.0 12.30009
 1.0 10.85949
 1.0 10.08064
 1.0 10.27201
 1.0 9.76791
 1.0 8.26134
 1.0 8.02214
 1.0 10.08008
 1.0 10.8564
 1.0 10.96211
 1.0 11.68305
 1.0 10.96466
 1.0 9.64711
 1.0 9.11064
 1.0 6.76472
 1.0 7.47381
 1.0 18.53988
 1.0 17.08129
 1.0 17.5086
 1.0 17.44661
 1.0 18.03806
 1.0 19.46463
 1.0 20.15109
 1.0 20.25094
 1.0 21.061
 1.0 22.43362
 1.0 22.34165
 1.0 23.77096
 1.0 23.81486
 1.0 25.28366
 1.0 25.93462
 1.0 25.89248
 1.0 24.4597
 1.0 24.5418
 1.0 25.33814
 1.0 24.67076
 1.0 25.58465
 1.0 25.04809
 1.0 24.96742
 1.0 24.03065
 1.0 22.61813
 1.0 21.72295
 1.0 22.34039
 1.0 23.76965
 1.0 24.46242
 1.0 23.76801
 1.0 24.58737
 1.0 24.02611
 1.0 22.61294
 1.0 22.14198
 1.0 20.75007
 1.0 19.7743
 1.0 18.37193
 1.0 17.44111
 1.0 17.50296
 1.0 17.07124
 1.0 18.02149
 1.0 17.96096
 1.0 16.59158
 1.0 16.32892
 1.0 17.49839
 1.0 17.42853
 1.0 17.49219
 1.0 18.79623
 1.0 18.85985
 1.0 18.79964
 1.0 17.49586
 1.0 16.32757
 1.0 16.58992
 1.0 15.55369
 1.0 14.17029
 1.0 13.86463
 1.0 15.01934
 2.0 14.94049
 1.0 15.01766
 1.0 13.86282
 1.0 13.94876
 1.0 12.93918
 1.0 13.26408
 1.0 12.44979
 1.0 13.02757
 1.0 12.44935
 1.0 12.78953
 1.0 12.79041
 1.0 12.45339
 1.0 13.03358
 1.0 12.94502
 3.0 10.8582
 1.0 10.96567
 1.0 10.56878
 1.0 9.10942
 1.0 9.44396
 1.0 11.78182
 1.0 11.94435
 1.0 11.68402
 2.0 10.38288
 1.0 9.64799
 1.0 8.40111
 1.0 7.47271
 1.0 8.40209
 1.0 6.76471
 1.0 18.39004
 1.0 16.96511
 1.0 17.43927
 1.0 17.51053
 1.0 18.14218
 1.0 19.52081
 1.0 20.24325
 1.0 20.45681
 1.0 21.2953
 1.0 22.61889
 1.0 22.42407
 1.0 23.81534
 1.0 23.76136
 1.0 25.202
 1.0 25.88475
 1.0 25.93248
 1.0 24.53409
 1.0 24.71037
 1.0 25.53159
 1.0 24.83834
 1.0 25.77615
 1.0 25.21305
 1.0 25.04009
 1.0 24.07432
 1.0 22.6993
 1.0 21.77227
 1.0 22.42293
 1.0 23.81415
 1.0 24.53726
 1.0 23.81286
 1.0 24.66217
 1.0 24.07083
 1.0 22.69523
 1.0 22.1915
 1.0 20.84078
 1.0 19.83043
 1.0 18.47507
 1.0 17.50552
 1.0 17.43408
 1.0 16.95563
 1.0 17.95538
 1.0 18.02428
 1.0 16.70721
 1.0 16.3999
 1.0 17.60901
 1.0 17.496
 2.0 17.42629
 1.0 18.69307
 1.0 18.79786
 1.0 18.86133
 1.0 17.6065
 1.0 16.39856
 1.0 16.7059
 1.0 15.62748
 1.0 14.3059
 1.0 13.94816
 1.0 15.14808
 1.0 15.01878
 1.0 13.72263
 1.0 13.86524
 1.0 12.78844
 1.0 12.93832
 1.0 12.03771
 1.0 12.44867
 1.0 11.77636
 1.0 12.19888
 1.0 11.77945
 1.0 12.29601
 1.0 12.94308
 1.0 13.0338
 1.0 11.68401
 1.0 10.96415
 1.0 10.38287
 1.0 8.76084
 2.0 8.98008
 1.0 11.4136
 1.0 11.51395
 1.0 11.94529
 1.0 10.96416
 1.0 9.64626
 1.0 8.76244
 1.0 7.4716
 1.0 6.7635
 1.0 16.96247
 1.0 15.55647
 1.0 16.02345
 1.0 16.14833
 1.0 16.7846
 1.0 18.13804
 1.0 18.87192
 1.0 19.14076
 1.0 19.99528
 1.0 21.29033
 1.0 21.04712
 1.0 22.41998
 1.0 22.32858
 1.0 23.75809
 1.0 24.44924
 1.0 24.53093
 1.0 23.14847
 1.0 23.36792
 1.0 24.20222
 1.0 23.50297
 1.0 24.45985
 1.0 23.89839
 1.0 23.68362
 1.0 22.69477
 1.0 21.33998
 1.0 20.38972
 1.0 21.04604
 1.0 22.41884
 1.0 23.15182
 1.0 22.41772
 1.0 23.2844
 1.0 22.6918
 1.0 21.33643
 1.0 20.83758
 1.0 19.51249
 1.0 18.47161
 1.0 17.14468
 1.0 16.14342
 1.0 16.01832
 1.0 15.54704
 1.0 16.58485
 1.0 16.70521
 1.0 15.42651
 1.0 15.14513
 1.0 16.3994
 1.0 16.3262
 1.0 16.20424
 1.0 17.49393
 1.0 17.60586
 1.0 16.39704
 1.0 15.14386
 1.0 15.42545
 1.0 14.30473
 1.0 13.02779
 1.0 12.69552
 1.0 13.94756
 1.0 13.86342
 1.0 13.72242
 1.0 12.44799
 1.0 12.54296
 1.0 11.40966
 1.0 11.51053
 1.0 10.95777
 1.0 10.26359
 1.0 10.67289
 1.0 10.96033
 1.0 10.85461
 1.0 11.51491
 1.0 11.68306
 1.0 9.64568
 1.0 9.44338
 1.0 7.62438
 1.0 7.46973
 1.0 7.62475
 1.0 10.07761
 1.0 10.26715
 1.0 10.67605
 1.0 9.64627
 1.0 8.39913
 1.0 7.47161
 1.0 6.28704
 1.0 5.56745
 1.0 6.76308
