
 100.0 1.526
 1.0 1.76286
 97.0 2.49139
 1.0 3.052
 23.0 3.83962
 3.0 3.83963
 37.0 4.31457
 75.0 2.92064
 1.0 3.93836
 8.0 4.57588
 12.0 3.52257
 5.0 4.57649
 5.0 5.57043
 1.0 5.28387
 2.0 6.28966
 2.0 6.28878
 1.0 7.04515
 2.0 6.28921
 6.0 5.56942
 9.0 5.21015
 1.0 7.26197
 1.0 8.02317
 1.0 7.04514
 1.0 6.28877
 11.0 4.57587
 21.0 3.52256
 1.0 6.76306
 3.0 7.47119
 2.0 6.28744
 2.0 5.56792
 6.0 4.57405
 6.0 3.52098
 12.0 2.91968
 25.0 2.48916
 1.0 8.07053
 2.0 8.76144
 3.0 6.76305
 1.0 4.57465
 10.0 4.31392
 12.0 3.83745
 1.0 8.76145
 1.0 9.64623
 1.0 8.39975
 1.0 6.28743
 2.0 5.56891
 3.0 5.20961
 10.0 4.31264
 4.0 4.57527
 1.0 9.15054
 2.0 10.07814
 1.0 8.97943
 1.0 8.02143
 1.0 7.04355
 1.0 6.28787
 3.0 5.56841
 2.0 11.13834
 1.0 10.0784
 3.0 8.97942
 3.0 8.02176
 1.0 7.47192
 1.0 6.76346
 1.0 5.56791
 2.0 5.20801
 4.0 4.98055
 1.0 11.27674
 1.0 12.29668
 2.0 10.07813
 1.0 8.40007
 1.0 7.87599
 1.0 6.76264
 4.0 6.58864
 2.0 6.28832
 2.0 12.04119
 2.0 12.94135
 1.0 11.78062
 3.0 10.85562
 1.0 9.76505
 1.0 8.39942
 2.0 7.47045
 2.0 7.20658
 1.0 5.20802
 1.0 13.29637
 1.0 14.17149
 1.0 9.64594
 1.0 8.76049
 4.0 8.62721
 1.0 8.02212
 3.0 6.58865
 3.0 6.76429
 2.0 5.56943
 1.0 13.02995
 1.0 13.86587
 1.0 12.54431
 1.0 11.68019
 1.0 10.37938
 3.0 9.64421
 1.0 9.44159
 3.0 8.62528
 1.0 8.75987
 1.0 8.25931
 1.0 6.76183
 2.0 5.20803
 3.0 4.31265
 1.0 12.32607
 1.0 13.26536
 1.0 11.94247
 1.0 10.96058
 1.0 9.64335
 1.0 9.10664
 2.0 8.97819
 1.0 8.01901
 1.0 8.25763
 1.0 8.02039
 3.0 6.58696
 1.0 6.287
 4.0 4.97943
 6.0 3.83601
 2.0 10.96135
 1.0 11.94317
 2.0 10.67471
 1.0 8.3981
 1.0 7.87457
 1.0 7.62398
 2.0 6.58611
 1.0 6.76018
 2.0 6.58654
 1.0 5.20588
 1.0 3.83673
 6.0 2.48804
 5.0 2.91778
 4.0 2.48805
 4.0 1.52236
 1.0 10.11535
 1.0 9.64422
 1.0 8.75955
 1.0 7.46971
 1.0 6.76182
 1.0 6.58738
 2.0 5.77086
 1.0 6.09764
 1.0 5.77134
 1.0 4.31007
 1.0 1.52237
 1.0 2.48806
 3.0 2.91971
 5.0 2.49029
 8.0 2.9197
 1.0 10.0754
 1.0 10.85333
 1.0 9.43954
 1.0 8.624
 1.0 7.20351
 1.0 6.58612
 1.0 6.7606
 1.0 6.09582
 1.0 6.75979
 1.0 6.58655
 1.0 5.2059
 1.0 4.31072
 2.0 2.91685
 1.0 2.48694
 1.0 3.83602
 1.0 3.83746
 3.0 4.31393
 1.0 9.47867
 1.0 10.37697
 1.0 8.9751
 1.0 8.01659
 1.0 6.58359
 1.0 6.2839
 1.0 6.58443
 1.0 5.76653
 1.0 6.58234
 1.0 6.75813
 1.0 5.56344
 1.0 4.57041
 3.0 3.51783
 3.0 2.91493
 3.0 4.30942
 2.0 4.57163
 1.0 4.31136
 1.0 5.20855
 1.0 5.56992
 2.0 9.75937
 1.0 10.56087
 1.0 9.10238
 2.0 8.25326
 2.0 6.75608
 1.0 6.58401
 2.0 7.20235
 1.0 6.58149
 1.0 7.6189
 1.0 7.87107
 1.0 6.75895
 1.0 5.56443
 2.0 4.57162
 3.0 5.77085
 3.0 6.09763
 1.0 5.7723
 1.0 6.58949
 1.0 6.76512
 1.0 9.14419
 1.0 7.61819
 1.0 6.09219
 1.0 5.76749
 1.0 6.5836
 1.0 6.2804
 1.0 7.46527
 1.0 7.62109
 1.0 6.58486
 1.0 5.20429
 1.0 6.76142
 2.0 6.58823
 1.0 7.20774
 2.0 7.47306
 1.0 9.75825
 1.0 10.26173
 1.0 8.75353
 1.0 8.25194
 1.0 6.75446
 1.0 6.58276
 1.0 7.62037
 2.0 7.46416
 1.0 8.75545
 1.0 8.97604
 1.0 8.01867
 1.0 6.58529
 1.0 7.62363
 1.0 8.25864
 1.0 8.02144
 2.0 8.6285
 2.0 8.76335
 3.0 6.59075
 3.0 5.77566
 1.0 9.47398
 1.0 10.06932
 1.0 8.61819
 1.0 8.01175
 1.0 6.57855
 2.0 7.86895
 1.0 7.61636
 1.0 8.97172
 1.0 9.43719
 1.0 8.6227
 2.0 6.58569
 1.0 6.75978
 3.0 8.25696
 2.0 8.75828
 1.0 8.62593
 1.0 9.44307
 1.0 9.64768
 1.0 8.40142
 2.0 7.47232
 1.0 7.20851
 1.0 10.37163
 1.0 10.84692
 1.0 9.43335
 1.0 8.96955
 1.0 7.61527
 1.0 9.10239
 1.0 8.97141
 1.0 10.37431
 1.0 10.85154
 2.0 10.07456
 1.0 8.62335
 1.0 8.01935
 1.0 8.25729
 2.0 9.76335
 2.0 10.26659
 1.0 10.07732
 1.0 10.85716
 1.0 10.96515
 2.0 9.64797
 1.0 8.76241
 2.0 8.62914
 1.0 8.0242
 1.0 11.80473
 1.0 12.28787
 1.0 10.84744
 1.0 10.3719
 1.0 8.96986
 1.0 9.10178
 1.0 10.26308
 1.0 10.06989
 1.0 11.40605
 1.0 11.77639
 1.0 10.85205
 1.0 9.43836
 2.0 8.62399
 2.0 8.75733
 1.0 10.26578
 1.0 10.6729
 1.0 10.96287
 1.0 10.85742
 1.0 9.44366
 1.0 8.62722
 1.0 8.76177
 1.0 8.26132
 2.0 6.76388
 2.0 6.10127
 1.0 12.03222
 1.0 12.44425
 1.0 10.9535
 1.0 10.5567
 1.0 9.09784
 1.0 8.97203
 1.0 10.07182
 1.0 9.95332
 1.0 11.23476
 1.0 11.40824
 1.0 10.37671
 1.0 8.9745
 1.0 8.01728
 1.0 8.25528
 1.0 9.76193
 1.0 10.26523
 1.0 9.76278
 1.0 10.26821
 1.0 10.07869
 2.0 8.02074
 2.0 8.25964
 1.0 7.62544
 3.0 6.09944
 5.0 5.77373
 1.0 11.80498
 1.0 12.03268
 1.0 10.55722
 2.0 10.37192
 1.0 8.96958
 1.0 8.75387
 1.0 9.95666
 1.0 10.07073
 1.0 11.40752
 1.0 11.51129
 2.0 10.56351
 1.0 9.10453
 1.0 10.26685
 1.0 10.96109
 2.0 10.5656
 2.0 10.96387
 1.0 10.85818
 1.0 9.44394
 3.0 8.98004
 2.0 9.10938
 2.0 8.26131
 2.0 6.76387
 2.0 6.59032
 1.0 10.55721
 1.0 9.09844
 1.0 8.96957
 1.0 7.61493
 1.0 8.75576
 1.0 8.97235
 1.0 10.37592
 2.0 7.62362
 3.0 8.25829
 1.0 9.76447
 2.0 10.3815
 1.0 10.85817
 1.0 10.96589
 1.0 9.64824
 2.0 9.10969
 2.0 8.98158
 1.0 8.02418
 3.0 6.59074
 3.0 6.28964
 3.0 4.98165
 2.0 3.83889
 5.0 2.49026
 1.0 10.40994
 1.0 10.37245
 1.0 8.97018
 1.0 9.09907
 2.0 7.86618
 1.0 7.61929
 1.0 8.97574
 1.0 9.43721
 1.0 10.85257
 1.0 10.9616
 1.0 10.26847
 1.0 8.75986
 1.0 8.25997
 2.0 9.10847
 1.0 10.56717
 1.0 11.51561
 1.0 11.41502
 1.0 11.78461
 1.0 11.94896
 1.0 10.67964
 1.0 10.27143
 1.0 10.08142
 3.0 8.98312
 1.0 7.62833
 1.0 7.47415
 1.0 6.29008
 1.0 4.98276
 1.0 10.95405
 1.0 10.84697
 1.0 9.43282
 1.0 9.6365
 1.0 8.3899
 1.0 7.86829
 1.0 9.10364
 1.0 9.63994
 1.0 10.95909
 1.0 10.85461
 1.0 10.07731
 2.0 8.02073
 3.0 8.97911
 1.0 11.4138
 1.0 11.24336
 1.0 11.41623
 1.0 11.51848
 1.0 10.27142
 1.0 10.08003
 1.0 9.96441
 1.0 8.76332
 3.0 7.47303
 1.0 7.62725
 1.0 6.59031
 10.0 5.2096
 3.0 4.31327
 2.0 5.20908
 1.0 10.10635
 1.0 10.06745
 1.0 8.61568
 1.0 8.75011
 1.0 7.45975
 1.0 6.75368
 1.0 7.86899
 1.0 8.3922
 1.0 9.6408
 1.0 9.43985
 1.0 7.2039
 1.0 7.62434
 2.0 10.07839
 1.0 9.9633
 1.0 10.08113
 1.0 10.27277
 1.0 9.11119
 1.0 8.98156
 1.0 8.763
 1.0 7.47302
 1.0 6.28917
 1.0 6.58989
 2.0 5.77419
 6.0 4.31262
 3.0 3.83672
 1.0 10.06746
 2.0 10.25799
 1.0 8.74946
 1.0 8.61569
 1.0 7.19471
 1.0 6.57902
 1.0 7.61822
 2.0 7.86688
 1.0 9.10212
 1.0 8.97606
 1.0 8.01903
 1.0 6.58488
 1.0 8.97912
 1.0 8.76175
 2.0 8.9825
 1.0 9.11242
 1.0 7.87879
 2.0 7.62724
 1.0 6.28963
 1.0 4.98164
 1.0 5.20907
 1.0 2.48692
 1.0 3.83456
 1.0 4.31071
 1.0 9.47344
 1.0 9.75543
 1.0 8.24927
 1.0 8.01111
 1.0 6.57776
 1.0 6.28043
 2.0 7.46641
 1.0 7.61894
 2.0 8.97545
 1.0 9.10698
 1.0 8.25999
 1.0 6.76226
 2.0 6.7647
 1.0 8.262
 2.0 9.11061
 1.0 8.98344
 1.0 9.44864
 1.0 9.65312
 1.0 8.40635
 1.0 7.88091
 1.0 7.63089
 2.0 6.59495
 1.0 5.21439
 1.0 4.985
 3.0 3.84106
 6.0 2.49361
 3.0 1.52599
 1.0 2.91684
 3.0 2.92063
 8.0 1.52235
 1.0 10.37354
 1.0 10.55828
 1.0 9.09968
 1.0 8.97145
 1.0 7.61713
 1.0 8.75831
 1.0 10.37914
 1.0 10.56667
 2.0 9.76677
 1.0 8.26033
 3.0 7.62727
 1.0 8.26233
 1.0 9.76846
 1.0 10.5698
 1.0 10.38578
 1.0 10.86226
 1.0 10.96994
 1.0 9.65226
 1.0 9.11395
 1.0 8.98591
 1.0 8.02834
 1.0 6.29405
 1.0 4.98611
 1.0 3.84323
 2.0 2.49472
 1.0 2.92349
 1.0 2.4914
 1.0 2.92254
 4.0 0.00446
 1.0 10.41102
 1.0 10.373
 1.0 8.97082
 1.0 9.10031
 1.0 7.8676
 1.0 7.62003
 1.0 8.97637
 1.0 9.4384
 1.0 10.85361
 1.0 10.96211
 1.0 10.26902
 1.0 8.7605
 1.0 8.26064
 2.0 10.56822
 1.0 11.51705
 2.0 11.41647
 1.0 11.78555
 1.0 11.94988
 1.0 10.68067
 1.0 10.27304
 1.0 10.08307
 1.0 8.98435
 1.0 7.62978
 1.0 7.47637
 1.0 6.29272
 1.0 4.98499
 1.0 3.84177
 1.0 4.31778
 1.0 3.84179
 1.0 4.31843
 1.0 3.84251
 4.0 1.52963
 1.0 10.95355
 1.0 10.84647
 1.0 9.43224
 1.0 9.63594
 1.0 8.38925
 1.0 9.10182
 1.0 9.63821
 1.0 10.95707
 1.0 10.85206
 1.0 8.62271
 1.0 8.01796
 1.0 8.97664
 1.0 10.37882
 1.0 11.41137
 1.0 11.24088
 1.0 11.4133
 1.0 11.51558
 1.0 10.26871
 1.0 10.07782
 1.0 9.96218
 2.0 8.76078
 1.0 7.47079
 1.0 7.62578
 2.0 6.58946
 1.0 5.20852
 2.0 4.31326
 1.0 5.21014
 1.0 4.98277
 1.0 5.21227
 2.0 4.31584
 4.0 2.92253
 3.0 1.52965
 1.0 10.10471
 1.0 10.06636
 1.0 8.61441
 1.0 8.74821
 1.0 7.45753
 1.0 6.75122
 1.0 8.3889
 1.0 9.63735
 1.0 9.43632
 1.0 8.62143
 1.0 7.20005
 1.0 6.58275
 1.0 7.61998
 1.0 8.97478
 1.0 10.07399
 1.0 9.95884
 1.0 10.07673
 1.0 10.26844
 2.0 9.10691
 1.0 8.97722
 1.0 8.75856
 1.0 7.46856
 1.0 6.28476
 1.0 6.58567
 1.0 5.77034
 1.0 4.30875
 1.0 3.83381
 1.0 4.97719
 2.0 5.20694
 1.0 4.57464
 1.0 3.52255
 1.0 10.95003
 1.0 10.84369
 1.0 9.42904
 1.0 9.63192
 1.0 8.38464
 1.0 7.45715
 1.0 8.38759
 1.0 8.96619
 1.0 10.06688
 1.0 9.6359
 1.0 8.751
 2.0 7.46007
 1.0 6.75197
 2.0 7.86541
 1.0 9.09871
 1.0 10.26007
 1.0 10.07011
 1.0 9.95548
 1.0 10.07257
 1.0 8.97288
 1.0 9.1008
 1.0 8.97196
 1.0 7.61702
 1.0 6.58059
 1.0 7.19961
 1.0 6.58229
 1.0 5.20106
 1.0 4.97495
 1.0 6.28345
 2.0 6.58695
 1.0 6.76263
 2.0 5.5674
 1.0 4.57586
 2.0 4.31456
 3.0 3.84252
 3.0 2.49585
 2.0 1.52602
 1.0 12.31534
 1.0 12.28434
 1.0 10.84292
 1.0 10.94902
 1.0 9.63077
 1.0 8.74727
 1.0 9.63393
 1.0 10.06442
 1.0 11.12643
 1.0 10.66592
 1.0 9.63504
 1.0 8.3879
 1.0 7.45895
 1.0 8.38786
 1.0 9.63501
 1.0 10.66586
 1.0 10.25872
 1.0 10.06985
 1.0 9.95438
 1.0 8.7519
 1.0 8.9698
 1.0 9.09869
 1.0 7.86539
 1.0 6.75276
 1.0 7.46225
 1.0 6.75482
 1.0 5.55943
 1.0 5.2016
 1.0 6.58358
 2.0 6.76017
 2.0 6.58694
 1.0 5.20586
 8.0 4.57526
 2.0 4.31715
 1.0 2.92445
 2.0 2.49141
 3.0 2.91779
 1.0 12.28209
 1.0 12.43964
 1.0 10.94826
 1.0 10.84062
 1.0 9.4258
 1.0 8.61249
 1.0 9.42991
 2.0 9.63047
 1.0 10.66308
 1.0 10.25827
 1.0 9.09726
 1.0 7.86337
 2.0 6.75038
 1.0 7.45859
 1.0 8.75007
 1.0 9.63502
 1.0 9.09781
 1.0 8.97202
 1.0 8.75448
 2.0 7.46301
 1.0 7.61523
 1.0 6.7528
 1.0 5.55695
 1.0 6.27684
 1.0 5.55744
 1.0 4.56313
 1.0 4.30297
 1.0 5.76506
 1.0 6.09397
 1.0 5.76842
 1.0 4.30746
 1.0 3.83526
 3.0 4.31134
 1.0 4.57708
 2.0 3.52573
 1.0 2.92256
 13.0 4.31263
 1.0 11.79822
 1.0 12.02698
 1.0 10.55098
 1.0 10.36449
 1.0 8.96128
 1.0 8.00526
 1.0 8.6125
 1.0 8.74346
 1.0 9.09544
 2.0 7.86196
 1.0 6.74835
 1.0 5.55252
 1.0 6.27201
 1.0 7.45747
 1.0 8.38621
 1.0 7.86259
 1.0 7.61562
 1.0 6.27771
 1.0 6.57639
 1.0 6.7499
 1.0 5.55445
 1.0 4.55947
 1.0 5.55394
 1.0 5.19519
 1.0 4.2991
 1.0 4.56433
 1.0 6.09032
 2.0 6.75646
 1.0 6.58355
 1.0 5.20372
 2.0 4.97941
 1.0 5.20747
 1.0 5.57141
 1.0 4.58012
 2.0 2.91969
 6.0 5.57041
 9.0 4.57648
 1.0 12.77661
 1.0 12.92858
 1.0 11.50053
 1.0 11.39761
 1.0 10.06115
 1.0 8.96376
 1.0 9.42816
 1.0 9.62846
 1.0 10.36607
 1.0 9.63219
 1.0 8.38461
 1.0 7.45565
 1.0 6.27026
 1.0 7.02623
 1.0 8.00552
 1.0 8.96365
 1.0 8.3832
 1.0 7.86117
 1.0 7.61157
 1.0 6.573
 1.0 7.19034
 1.0 7.45443
 1.0 6.27019
 1.0 5.55093
 1.0 6.74742
 1.0 6.57512
 1.0 5.76025
 1.0 6.09033
 1.0 7.61632
 1.0 8.2539
 1.0 8.01655
 1.0 6.58356
 1.0 6.28654
 1.0 6.58821
 1.0 6.76674
 1.0 5.57391
 1.0 4.57892
 1.0 4.31328
 3.0 6.5899
 2.0 6.7651
 4.0 5.56991
 1.0 12.80814
 1.0 12.77879
 1.0 11.3998
 1.0 11.50027
 1.0 10.25288
 1.0 9.09302
 1.0 9.6322
 1.0 10.06249
 1.0 10.84237
 1.0 10.06578
 1.0 8.96585
 1.0 8.00728
 1.0 7.02781
 1.0 8.00619
 1.0 8.96489
 1.0 10.06406
 1.0 9.63122
 1.0 9.09502
 1.0 8.96669
 1.0 8.00717
 1.0 8.61233
 1.0 8.74617
 1.0 7.45553
 1.0 6.74781
 1.0 7.86185
 1.0 7.61339
 1.0 6.57682
 1.0 6.754
 1.0 8.25188
 1.0 8.75572
 1.0 8.62267
 1.0 7.20193
 2.0 6.76222
 2.0 6.59201
 1.0 5.21281
 1.0 4.31522
 2.0 4.57344
 3.0 6.58948
 4.0 5.20854
 1.0 11.50148
 1.0 11.40078
 1.0 10.06446
 1.0 10.25423
 1.0 9.09241
 1.0 7.85986
 1.0 8.38561
 1.0 8.96402
 1.0 9.75201
 1.0 8.96709
 1.0 8.00828
 1.0 7.02939
 1.0 6.27241
 1.0 7.45704
 1.0 8.38584
 1.0 9.63294
 1.0 9.43006
 1.0 8.96823
 1.0 9.09773
 1.0 8.24812
 1.0 8.74868
 1.0 8.61425
 1.0 7.19302
 1.0 6.57551
 1.0 7.613
 2.0 7.46073
 1.0 6.2768
 2.0 6.58103
 1.0 8.01448
 1.0 8.62268
 1.0 8.75761
 2.0 7.46745
 2.0 6.58863
 2.0 6.29141
 2.0 4.98501
 3.0 4.31198
 1.0 5.77324
 2.0 6.28876
 1.0 3.83818
 1.0 10.40519
 2.0 10.36877
 2.0 8.96561
 1.0 9.09332
 1.0 7.85915
 1.0 6.74753
 1.0 7.45788
 1.0 8.00659
 1.0 8.96678
 1.0 8.38854
 1.0 7.45968
 1.0 6.27465
 3.0 5.55494
 1.0 6.75071
 1.0 7.86397
 1.0 9.09746
 1.0 8.96948
 1.0 8.75283
 1.0 8.97256
 1.0 8.01339
 1.0 8.25015
 1.0 8.01132
 1.0 6.57762
 1.0 5.76212
 3.0 6.57763
 1.0 6.27767
 2.0 4.96935
 1.0 5.20052
 1.0 7.20194
 1.0 6.28388
 2.0 5.56741
 4.0 5.208
 3.0 4.98389
 3.0 2.49251
 2.0 4.31199
 1.0 4.98167
 1.0 3.83819
 3.0 2.49028
 1.0 1.52419
 1.0 10.55519
 1.0 9.09577
 1.0 7.60988
 1.0 6.57483
 1.0 7.19472
 1.0 7.45602
 1.0 8.38658
 1.0 7.86476
 1.0 6.75159
 1.0 5.5555
 2.0 4.56071
 1.0 6.75114
 1.0 7.86398
 1.0 7.61447
 1.0 7.46297
 1.0 7.61847
 1.0 6.58057
 1.0 6.75272
 1.0 5.19677
 1.0 4.30034
 1.0 5.19623
 1.0 4.96934
 1.0 3.82584
 1.0 4.30553
 1.0 5.76601
 1.0 6.58441
 1.0 6.75974
 2.0 5.5654
 1.0 4.98166
 2.0 5.21442
 2.0 4.32102
 2.0 2.92731
 1.0 5.21335
 1.0 4.31716
 1.0 2.9235
 1.0 2.49252
 2.0 2.92161
 1.0 10.10391
 1.0 10.37012
 1.0 8.96748
 1.0 8.74728
 1.0 7.45643
 1.0 6.27386
 3.0 6.57568
 1.0 6.74712
 1.0 7.45713
 1.0 6.7508
 2.0 5.555
 1.0 4.56015
 1.0 3.50523
 1.0 4.56007
 1.0 6.7507
 1.0 6.27899
 1.0 6.58225
 1.0 5.76595
 1.0 6.09025
 1.0 5.76163
 1.0 4.29969
 1.0 3.82508
 1.0 4.96822
 1.0 5.19943
 1.0 4.30424
 1.0 5.20427
 1.0 6.58315
 2.0 7.62252
 2.0 7.87385
 1.0 6.76221
 1.0 6.59158
 1.0 6.29052
 3.0 6.59539
 1.0 5.78192
 1.0 6.29318
 2.0 6.59455
 1.0 5.77807
 2.0 3.83964
 2.0 4.31523
 1.0 11.2299
 1.0 11.40201
 1.0 10.06613
 1.0 9.94893
 1.0 8.74696
 1.0 7.45755
 1.0 7.61243
 1.0 7.86055
 1.0 8.38626
 1.0 7.45899
 1.0 6.27423
 1.0 5.55451
 1.0 4.5595
 1.0 5.55444
 1.0 6.27417
 1.0 7.45889
 1.0 7.19534
 1.0 6.57846
 1.0 6.75434
 1.0 6.09024
 1.0 6.75228
 1.0 6.57634
 1.0 5.19461
 1.0 4.96821
 1.0 6.27634
 1.0 6.58017
 1.0 5.76505
 1.0 6.58399
 2.0 8.01622
 1.0 8.97663
 1.0 9.10632
 1.0 7.62689
 1.0 7.47304
 1.0 7.63054
 1.0 7.47528
 1.0 7.62909
 1.0 6.59118
 1.0 5.21122
 1.0 4.31329
 1.0 4.57528
 1.0 11.26478
 1.0 11.50393
 1.0 10.25751
 1.0 10.06584
 1.0 8.96685
 1.0 7.61281
 1.0 7.45866
 1.0 7.61095
 1.0 6.74998
 1.0 5.554
 1.0 5.19528
 1.0 4.29915
 1.0 5.19574
 1.0 5.55443
 1.0 6.75069
 1.0 6.57761
 1.0 5.76306
 1.0 6.09205
 1.0 5.76544
 2.0 6.57969
 1.0 6.27586
 1.0 4.96709
 1.0 5.19889
 1.0 6.5789
 1.0 7.20037
 1.0 6.58273
 1.0 8.97539
 1.0 10.07646
 2.0 10.26818
 1.0 9.10815
 1.0 8.98251
 1.0 8.76397
 1.0 8.98561
 1.0 8.02905
 1.0 6.29273
 1.0 7.47639
 1.0 8.76651
 1.0 8.98438
 1.0 8.02489
 1.0 6.59202
 1.0 5.77422
 1.0 6.10128
 1.0 5.77664
 1.0 4.31588
 1.0 3.83892
 1.0 10.06557
 1.0 10.25698
 1.0 9.0961
 1.0 8.96655
 1.0 8.00872
 1.0 6.57569
 1.0 6.27429
 1.0 6.57438
 1.0 6.74956
 1.0 4.2998
 1.0 3.82587
 2.0 4.97047
 1.0 5.1973
 1.0 6.5793
 2.0 6.75557
 1.0 6.09387
 1.0 6.75965
 1.0 6.58515
 1.0 7.20146
 2.0 6.58011
 1.0 5.19886
 1.0 5.56136
 1.0 6.75436
 1.0 7.46519
 1.0 6.75727
 2.0 7.87244
 2.0 9.10327
 1.0 10.26602
 1.0 10.67468
 1.0 9.64504
 1.0 9.44451
 1.0 8.98127
 1.0 9.11274
 1.0 8.26569
 3.0 6.76798
 1.0 6.59243
 1.0 7.62907
 1.0 8.98375
 2.0 9.11152
 1.0 8.26166
 1.0 6.09945
 1.0 6.76348
 1.0 6.59077
 2.0 5.21016
 1.0 4.98168
 2.0 5.20962
 1.0 10.10446
 1.0 10.06641
 1.0 8.96717
 1.0 9.09546
 2.0 8.24695
 1.0 6.74959
 1.0 6.57608
 1.0 7.19429
 1.0 6.27686
 1.0 5.55743
 1.0 5.19735
 2.0 6.27943
 1.0 6.57972
 1.0 8.01407
 1.0 8.25348
 1.0 7.61986
 1.0 8.25615
 1.0 8.01714
 1.0 8.62129
 1.0 8.0137
 2.0 7.86674
 1.0 8.39274
 1.0 7.46408
 1.0 8.39476
 1.0 9.63957
 1.0 10.67182
 1.0 11.13531
 1.0 10.07561
 2.0 9.64534
 1.0 9.10784
 1.0 8.98188
 1.0 8.02488
 2.0 6.76385
 2.0 7.87668
 1.0 9.10968
 2.0 8.98003
 3.0 6.58822
 1.0 6.58739
 1.0 6.76347
 1.0 5.56893
 1.0 5.20963
 1.0 4.98056
 1.0 11.50342
 1.0 11.40226
 1.0 10.36985
 1.0 10.55465
 1.0 9.75347
 1.0 8.24728
 1.0 8.00973
 1.0 8.61502
 1.0 8.75006
 1.0 7.46006
 1.0 6.75155
 1.0 6.57769
 1.0 6.27725
 1.0 7.46185
 1.0 7.61482
 1.0 8.97038
 1.0 9.09984
 1.0 8.25179
 1.0 8.75434
 1.0 8.61999
 1.0 9.43471
 1.0 8.96973
 1.0 7.61442
 1.0 9.09895
 1.0 9.63868
 1.0 8.75379
 1.0 9.64101
 1.0 10.95699
 1.0 11.94081
 1.0 12.29393
 1.0 11.13581
 1.0 10.67598
 1.0 10.26899
 1.0 10.08114
 1.0 7.62761
 2.0 9.10998
 2.0 10.27062
 1.0 10.07894
 2.0 8.9788
 2.0 7.62543
 1.0 7.2062
 1.0 7.47269
 1.0 11.80129
 1.0 11.76873
 1.0 10.84372
 1.0 10.95004
 1.0 10.25639
 1.0 8.74822
 1.0 8.74818
 1.0 8.61501
 1.0 7.19428
 1.0 6.57642
 1.0 6.75199
 1.0 6.57936
 1.0 7.61666
 1.0 8.75186
 1.0 8.97191
 1.0 8.01439
 1.0 8.62192
 1.0 8.75561
 1.0 9.6392
 1.0 9.09892
 1.0 7.86533
 1.0 8.39208
 1.0 9.63694
 1.0 10.37503
 2.0 9.63928
 1.0 10.67208
 1.0 11.93895
 1.0 13.02778
 1.0 13.4105
 1.0 12.29483
 1.0 11.94523
 1.0 11.51535
 1.0 10.38551
 1.0 9.11028
 1.0 10.27116
 1.0 11.51728
 1.0 11.41453
 1.0 10.38123
 1.0 8.02038
 1.0 7.4738
 1.0 6.76594
 5.0 6.59076
 1.0 11.76661
 1.0 11.93075
 1.0 10.94906
 1.0 10.84166
 1.0 10.06418
 1.0 8.61315
 1.0 8.00699
 1.0 8.24458
 1.0 8.0066
 1.0 6.57311
 1.0 5.7579
 2.0 6.08675
 1.0 5.76221
 1.0 6.57808
 1.0 6.27459
 1.0 7.45961
 1.0 7.61589
 1.0 7.20145
 1.0 7.46587
 1.0 8.39237
 1.0 7.86461
 1.0 6.75148
 1.0 7.46296
 1.0 8.75093
 1.0 9.63841
 1.0 9.10113
 1.0 10.2644
 1.0 11.50836
 1.0 12.69553
 1.0 13.02863
 1.0 11.94267
 1.0 11.78178
 1.0 11.41355
 1.0 11.51777
 1.0 10.57085
 1.0 8.98189
 1.0 10.0806
 1.0 11.41599
 1.0 11.51633
 2.0 10.56664
 2.0 8.76081
 1.0 7.2089
 1.0 10.40284
 1.0 10.66082
 1.0 9.63053
 1.0 9.42671
 1.0 8.61186
 1.0 7.19167
 1.0 6.57274
 1.0 6.74671
 1.0 6.57312
 1.0 5.19263
 1.0 4.29722
 2.0 4.56075
 1.0 4.30235
 1.0 5.19945
 1.0 6.27898
 1.0 6.58307
 1.0 5.76977
 1.0 6.58851
 1.0 6.7621
 1.0 7.46735
 1.0 6.75515
 1.0 5.55936
 1.0 6.28119
 1.0 7.46183
 1.0 8.39243
 1.0 7.86821
 1.0 10.26141
 1.0 11.50932
 1.0 11.9408
 1.0 10.96003
 1.0 10.85559
 1.0 10.38015
 1.0 10.56769
 1.0 9.76817
 2.0 8.26165
 2.0 8.02279
 1.0 8.98065
 2.0 10.38283
 1.0 9.76419
 1.0 7.6218
 1.0 8.25796
 1.0 8.02178
 1.0 6.28788
 1.0 5.77084
 2.0 6.09761
 1.0 5.77228
 2.0 3.83744
 1.0 10.65873
 1.0 11.12204
 1.0 10.0623
 1.0 9.62851
 1.0 8.74445
 1.0 7.45534
 1.0 6.74595
 1.0 6.57021
 1.0 6.26899
 1.0 4.96171
 1.0 3.81801
 1.0 4.29729
 1.0 3.82522
 1.0 4.30105
 1.0 3.82225
 1.0 4.96824
 1.0 5.201
 1.0 4.30867
 1.0 5.20949
 1.0 5.5688
 1.0 6.28379
 1.0 5.55886
 1.0 4.56428
 1.0 5.5614
 1.0 6.75233
 1.0 7.86749
 1.0 7.61778
 1.0 8.97447
 1.0 10.07012
 1.0 11.40723
 1.0 11.77682
 2.0 10.85328
 1.0 10.96233
 1.0 10.56506
 1.0 10.96386
 1.0 10.27171
 1.0 8.76334
 1.0 10.96336
 3.0 10.26793
 1.0 8.75954
 1.0 8.25661
 1.0 8.75922
 2.0 6.76223
 1.0 7.20619
 2.0 6.5861
 2.0 4.57161
 1.0 9.46475
 1.0 10.06066
 1.0 8.96227
 1.0 8.38072
 1.0 7.45311
 1.0 6.2708
 1.0 5.55012
 1.0 5.18841
 1.0 4.9606
 1.0 3.81879
 1.0 2.46921
 1.0 2.9027
 1.0 2.47921
 1.0 2.91019
 1.0 2.47801
 1.0 3.83017
 1.0 4.31191
 1.0 3.84241
 1.0 4.98933
 1.0 5.21588
 1.0 5.5698
 1.0 4.57032
 1.0 3.5162
 1.0 4.57097
 1.0 5.55889
 1.0 6.75562
 1.0 6.58147
 1.0 8.97044
 1.0 10.374
 1.0 10.85072
 1.0 10.07451
 1.0 10.2671
 1.0 9.76247
 1.0 9.76675
 1.0 8.26065
 1.0 8.25963
 1.0 9.76589
 1.0 9.76334
 1.0 8.25662
 1.0 8.01693
 1.0 8.0197
 2.0 6.761
 1.0 7.46896
 1.0 6.75894
 2.0 6.584
 1.0 5.76939
 1.0 4.30876
 3.0 4.57404
 2.0 2.91874
 4.0 4.98278
 1.0 8.38041
 2.0 8.96135
 1.0 8.00428
 1.0 7.45275
 1.0 6.74634
 1.0 5.5526
 1.0 4.55659
 1.0 4.29472
 1.0 3.81875
 1.0 2.47033
 1.0 1.50788
 1.0 2.47922
 1.0 3.52252
 1.0 2.92058
 1.0 4.31512
 1.0 5.21535
 1.0 4.99155
 1.0 6.30097
 1.0 6.59987
 1.0 6.76949
 1.0 5.5708
 1.0 4.577
 1.0 5.56985
 1.0 6.28295
 1.0 7.46704
 1.0 7.20232
 1.0 8.62332
 1.0 9.4348
 1.0 10.84946
 1.0 11.51027
 1.0 10.96131
 1.0 10.26575
 1.0 10.6747
 1.0 10.26928
 1.0 8.76112
 2.0 8.25996
 2.0 8.7608
 1.0 10.269
 1.0 10.26604
 1.0 8.62206
 1.0 9.43924
 1.0 8.97757
 2.0 7.62289
 1.0 7.87388
 1.0 8.39744
 1.0 7.4671
 1.0 7.20234
 1.0 5.20587
 2.0 4.57647
 1.0 8.05484
 1.0 8.38438
 1.0 7.45647
 1.0 7.19245
 1.0 5.19533
 1.0 4.29859
 1.0 4.56259
 1.0 4.3024
 1.0 2.90929
 1.0 2.48469
 1.0 2.91399
 1.0 3.52251
 1.0 4.57699
 1.0 4.3151
 1.0 5.7765
 1.0 6.5944
 1.0 6.29567
 1.0 7.48069
 1.0 7.63293
 1.0 7.88007
 1.0 6.76497
 1.0 5.56979
 1.0 6.28866
 1.0 7.04031
 1.0 8.01858
 1.0 7.46705
 1.0 8.7576
 1.0 10.95725
 1.0 11.67823
 1.0 10.96002
 1.0 10.85456
 1.0 10.07562
 1.0 10.26765
 1.0 9.76561
 1.0 8.25929
 1.0 8.0214
 2.0 8.62718
 2.0 10.26711
 2.0 9.7622
 1.0 8.25594
 1.0 8.01589
 2.0 8.97541
 1.0 8.75859
 1.0 7.46859
 1.0 7.62326
 1.0 7.87247
 1.0 6.75812
 1.0 6.28522
 2.0 4.97831
 4.0 4.31391
 2.0 2.91873
 3.0 3.51941
 1.0 9.43025
 1.0 9.63371
 1.0 8.74922
 1.0 8.61508
 1.0 8.01044
 1.0 6.57736
 1.0 5.76132
 1.0 6.08857
 1.0 5.76271
 1.0 4.30173
 1.0 3.82803
 1.0 4.30491
 1.0 4.57036
 1.0 5.56485
 1.0 5.20365
 1.0 6.58516
 1.0 7.20567
 1.0 6.58891
 1.0 7.62746
 1.0 7.87654
 1.0 8.39828
 1.0 7.46696
 1.0 6.2829
 1.0 7.0403
 1.0 8.0151
 1.0 8.9744
 2.0 8.39408
 1.0 9.64186
 2.0 10.66972
 1.0 11.93964
 1.0 12.54271
 1.0 11.67918
 1.0 11.51389
 1.0 10.85482
 2.0 10.9636
 1.0 8.76206
 1.0 8.62782
 2.0 9.44362
 1.0 10.85738
 1.0 10.96259
 1.0 10.26684
 1.0 8.7589
 1.0 8.2556
 1.0 9.10512
 1.0 7.4697
 1.0 7.62325
 1.0 6.58526
 1.0 6.76016
 3.0 6.58736
 2.0 5.20693
 2.0 3.83671
 4.0 2.48802
 1.0 10.10229
 1.0 10.36776
 1.0 9.63284
 1.0 9.42905
 1.0 8.96746
 1.0 7.61352
 1.0 4.30234
 1.0 5.20057
 1.0 5.56441
 1.0 6.28384
 1.0 5.56235
 1.0 6.75802
 1.0 7.4692
 1.0 6.7629
 1.0 7.87794
 1.0 8.40125
 1.0 8.97836
 1.0 8.0168
 1.0 7.03872
 1.0 8.01823
 1.0 8.97223
 1.0 10.07255
 1.0 9.64014
 1.0 10.95877
 1.0 11.93754
 1.0 13.26176
 1.0 13.86361
 1.0 13.02861
 1.0 12.94109
 1.0 12.29506
 1.0 12.45402
 1.0 11.78343
 1.0 10.27034
 1.0 10.0792
 1.0 10.85713
 1.0 12.29778
 1.0 12.45314
 1.0 11.77967
 1.0 10.56454
 1.0 10.38097
 1.0 8.01968
 1.0 8.25794
 1.0 8.02071
 1.0 6.28786
 4.0 4.98052
 1.0 11.50272
 1.0 11.67082
 1.0 10.95209
 1.0 10.84446
 1.0 10.37062
 1.0 8.969
 1.0 8.01009
 1.0 8.24792
 1.0 7.61274
 1.0 6.08674
 1.0 5.76171
 1.0 6.57981
 1.0 7.46407
 1.0 6.75312
 1.0 7.86602
 1.0 8.39235
 1.0 7.46472
 1.0 8.39562
 1.0 8.97587
 1.0 9.75979
 1.0 8.97033
 1.0 8.01267
 1.0 8.97316
 1.0 10.06895
 1.0 11.13128
 1.0 11.94033
 1.0 13.02457
 1.0 14.30297
 1.0 14.8103
 1.0 13.8648
 1.0 13.72687
 1.0 13.17894
 1.0 13.26972
 1.0 12.45692
 1.0 10.96562
 1.0 10.85789
 1.0 11.78295
 1.0 13.18148
 1.0 13.26847
 1.0 12.45291
 1.0 10.96258
 1.0 10.26683
 1.0 10.96183
 1.0 10.85663
 1.0 9.44275
 1.0 9.10876
 1.0 8.25928
 1.0 7.20617
 2.0 6.58904
 2.0 5.20799
 1.0 4.31261
 1.0 4.57707
 1.0 2.92158
 3.0 2.48914
 1.0 12.31424
 1.0 12.53404
 1.0 11.66984
 1.0 11.501
 1.0 10.84265
 1.0 9.42962
 1.0 8.61313
 1.0 8.74533
 1.0 8.24355
 1.0 6.74628
 1.0 6.08308
 1.0 6.74954
 1.0 6.57684
 1.0 7.19382
 1.0 6.57215
 1.0 7.60897
 1.0 7.86108
 1.0 6.74897
 1.0 7.46027
 1.0 8.01194
 1.0 8.96785
 1.0 8.3841
 1.0 7.45624
 1.0 8.38844
 1.0 9.63233
 1.0 10.6658
 2.0 10.25977
 1.0 11.50858
 1.0 12.69113
 1.0 13.94475
 1.0 14.30276
 1.0 13.2632
 1.0 13.17851
 1.0 12.79015
 1.0 12.94431
 1.0 12.04576
 2.0 10.56977
 1.0 10.38281
 2.0 11.41451
 1.0 12.79276
 1.0 12.94303
 1.0 12.04162
 1.0 10.56662
 1.0 9.76417
 1.0 10.07866
 1.0 8.62719
 2.0 8.0221
 1.0 8.26096
 1.0 7.62541
 1.0 8.25994
 1.0 8.02105
 1.0 6.58692
 1.0 5.77322
 1.0 4.31132
 1.0 3.8367
 1.0 4.31648
 2.0 3.8425
 2.0 2.49584
 2.0 2.49138
 1.0 13.71509
 1.0 13.85738
 1.0 13.0211
 1.0 12.92963
 1.0 12.28433
 1.0 10.84445
 1.0 10.06554
 1.0 10.25419
 1.0 9.7503
 1.0 8.24422
 1.0 7.60908
 1.0 8.24689
 1.0 8.00931
 1.0 8.613
 1.0 8.00407
 1.0 8.96141
 1.0 9.09099
 1.0 7.85753
 1.0 8.38374
 1.0 8.96568
 1.0 10.0634
 1.0 9.62798
 2.0 8.74424
 1.0 9.6332
 1.0 10.94859
 1.0 11.93379
 1.0 11.50568
 1.0 12.69375
 1.0 13.94296
 1.0 15.14476
 1.0 15.4247
 1.0 14.30411
 1.0 14.17163
 1.0 13.86761
 1.0 13.95511
 1.0 12.94731
 1.0 11.51919
 1.0 11.41547
 1.0 12.54825
 1.0 13.87002
 1.0 13.95352
 1.0 12.94302
 1.0 11.5163
 1.0 10.56661
 1.0 10.96333
 1.0 10.85764
 1.0 8.62847
 1.0 8.76331
 1.0 8.26161
 1.0 9.10996
 1.0 8.98001
 1.0 7.62431
 2.0 6.58903
 1.0 5.20691
 1.0 5.21332
 1.0 4.31905
 2.0 2.92633
 1.0 3.83961
 2.0 6.10126
 1.0 13.74586
 1.0 13.71914
 1.0 12.93351
 1.0 13.02149
 1.0 12.44295
 1.0 10.95254
 1.0 10.66381
 2.0 10.25632
 1.0 8.74783
 1.0 8.24584
 1.0 8.7494
 1.0 8.61559
 1.0 9.42976
 1.0 8.96389
 1.0 10.06233
 1.0 10.25321
 1.0 9.09157
 1.0 9.63024
 1.0 10.06393
 1.0 11.12374
 1.0 10.6595
 1.0 9.62971
 1.0 10.36911
 1.0 11.66868
 1.0 12.53604
 1.0 11.93566
 1.0 13.02541
 1.0 14.30043
 1.0 15.42434
 1.0 15.7484
 1.0 14.59905
 1.0 14.30742
 1.0 13.95132
 1.0 13.87142
 1.0 12.79601
 1.0 11.41694
 1.0 11.51629
 1.0 12.70163
 1.0 13.95332
 1.0 13.86942
 1.0 12.79167
 1.0 10.38094
 1.0 10.85585
 1.0 9.64621
 1.0 8.76142
 1.0 8.62846
 1.0 8.02277
 1.0 8.98124
 1.0 9.10874
 1.0 7.87455
 1.0 6.7622
 1.0 4.98387
 1.0 3.84105
 1.0 2.4925
 1.0 13.25873
 1.0 13.17233
 1.0 12.28863
 1.0 12.44362
 1.0 11.77077
 1.0 10.25825
 1.0 9.75486
 1.0 10.06601
 1.0 8.61433
 1.0 8.0072
 1.0 8.24719
 1.0 8.00823
 1.0 8.96513
 1.0 9.94538
 1.0 10.0612
 1.0 9.42496
 1.0 9.6288
 1.0 10.65948
 1.0 10.25076
 1.0 9.09037
 1.0 9.63144
 1.0 10.94832
 1.0 11.67058
 1.0 10.95265
 1.0 11.93752
 1.0 13.25922
 1.0 14.30237
 1.0 14.5979
 1.0 13.40757
 1.0 13.02988
 1.0 12.69943
 1.0 12.54979
 1.0 11.41766
 1.0 10.08112
 1.0 10.26923
 1.0 11.51581
 1.0 12.70119
 1.0 12.54758
 1.0 11.41328
 1.0 10.07892
 1.0 8.97846
 1.0 9.44127
 1.0 8.39874
 1.0 7.47006
 1.0 7.20694
 2.0 7.62649
 1.0 7.87525
 1.0 6.76138
 1.0 5.5659
 1.0 4.56978
 5.0 4.31133
 1.0 3.84032
 2.0 2.49249
 2.0 2.48582
 1.0 3.836
 1.0 4.9772
 1.0 6.28611
 1.0 14.1906
 1.0 14.1653
 1.0 13.17189
 1.0 13.25766
 1.0 12.44249
 1.0 10.95227
 1.0 10.55566
 1.0 10.9492
 1.0 10.84258
 1.0 9.42866
 1.0 8.6111
 1.0 8.74718
 1.0 8.24448
 1.0 9.09104
 1.0 8.95988
 1.0 10.05793
 1.0 9.94091
 1.0 8.73818
 1.0 8.95671
 1.0 9.08669
 1.0 10.24832
 1.0 10.05679
 1.0 8.95891
 1.0 9.4262
 1.0 10.84017
 1.0 11.5025
 1.0 10.84583
 1.0 11.77443
 1.0 13.17174
 1.0 14.16711
 1.0 14.30352
 1.0 13.02709
 1.0 12.69986
 1.0 12.54756
 1.0 12.45911
 1.0 11.24925
 2.0 9.96773
 2.0 10.08055
 1.0 11.41595
 1.0 12.54934
 1.0 12.45689
 1.0 11.2448
 3.0 9.9655
 1.0 8.76297
 1.0 8.98093
 1.0 9.10997
 1.0 7.87667
 1.0 6.59155
 1.0 6.29136
 1.0 7.47522
 1.0 7.62685
 1.0 6.5886
 1.0 5.20797
 1.0 4.30939
 1.0 4.57524
 1.0 4.31904
 1.0 2.92727
 1.0 2.49697
 1.0 5.20641
 2.0 6.58779
 1.0 7.20773
 1.0 13.94365
 1.0 13.86211
 1.0 12.78438
 1.0 12.93279
 1.0 12.03106
 1.0 10.55617
 1.0 10.37111
 1.0 10.84283
 1.0 10.94993
 1.0 9.63269
 1.0 8.74525
 1.0 8.61303
 1.0 8.00511
 1.0 8.96142
 1.0 9.08828
 1.0 10.24837
 1.0 10.05625
 1.0 8.95611
 1.0 9.08395
 1.0 8.95578
 1.0 10.05595
 1.0 9.93978
 1.0 8.73914
 1.0 8.96138
 1.0 10.36455
 1.0 10.84273
 1.0 10.06675
 1.0 10.84838
 1.0 12.28846
 1.0 13.17426
 1.0 13.26213
 1.0 11.93913
 1.0 11.51385
 1.0 11.41422
 1.0 11.248
 1.0 9.96884
 1.0 8.76614
 1.0 8.98091
 1.0 10.38332
 1.0 11.41569
 1.0 11.24553
 1.0 9.96437
 2.0 8.76423
 1.0 7.47299
 1.0 7.62576
 1.0 7.87596
 2.0 6.76302
 1.0 5.21011
 2.0 4.98383
 1.0 6.29179
 1.0 6.58985
 1.0 5.77272
 1.0 4.31066
 1.0 3.83236
 1.0 3.84321
 1.0 2.49695
 1.0 2.92542
 1.0 3.52101
 1.0 4.57466
 1.0 5.56542
 1.0 6.76099
 1.0 7.47118
 1.0 6.76386
 4.0 5.5689
 1.0 12.56852
 1.0 12.53972
 1.0 11.40559
 1.0 11.50479
 1.0 10.55511
 1.0 9.09692
 1.0 8.96832
 1.0 9.42835
 1.0 9.63211
 1.0 8.38586
 1.0 7.45481
 1.0 7.19192
 1.0 6.57131
 1.0 7.60679
 1.0 7.85546
 1.0 9.08826
 1.0 8.95859
 1.0 7.99985
 1.0 8.23799
 1.0 7.99983
 1.0 8.95857
 1.0 8.73944
 1.0 7.44951
 1.0 7.60712
 1.0 8.96262
 1.0 9.42914
 1.0 8.61553
 1.0 9.43475
 1.0 10.84786
 1.0 11.77583
 1.0 11.93937
 1.0 10.67074
 1.0 10.26787
 1.0 10.07889
 1.0 9.96772
 1.0 8.76773
 1.0 7.47634
 1.0 7.62648
 1.0 8.98122
 1.0 8.76329
 1.0 7.47411
 1.0 6.28916
 1.0 6.76304
 1.0 4.57283
 1.0 3.8403
 1.0 5.20903
 1.0 4.3113
 1.0 2.91586
 1.0 2.48245
 2.0 2.91872
 1.0 2.49582
 2.0 1.53328
 1.0 2.49477
 1.0 2.91782
 1.0 4.5698
 1.0 5.56442
 1.0 6.2861
 1.0 5.5679
 2.0 4.57403
 1.0 12.53662
 1.0 12.69256
 1.0 11.50676
 1.0 11.40267
 1.0 10.36978
 1.0 8.96866
 1.0 8.74945
 1.0 8.96429
 1.0 9.09294
 1.0 7.8605
 1.0 6.7454
 1.0 6.57348
 1.0 5.75592
 1.0 6.5692
 1.0 6.74123
 1.0 7.85335
 1.0 7.60239
 1.0 6.56493
 1.0 6.73994
 1.0 6.5666
 1.0 7.60383
 1.0 7.4484
 1.0 6.26525
 1.0 6.57127
 1.0 8.00506
 1.0 8.61489
 1.0 8.01202
 1.0 8.97411
 1.0 10.37475
 1.0 11.40986
 1.0 11.51169
 1.0 10.26624
 1.0 10.08056
 1.0 10.08662
 1.0 8.9899
 1.0 7.6345
 1.0 7.47635
 1.0 8.76583
 1.0 10.08497
 1.0 8.98557
 1.0 7.63159
 1.0 6.59408
 1.0 6.76755
 1.0 6.59284
 1.0 5.21173
 1.0 4.31585
 1.0 4.58071
 1.0 4.32032
 2.0 5.21542
 1.0 4.98384
 2.0 3.83885
 1.0 2.49247
 2.0 2.49359
 1.0 2.93011
 1.0 2.50252
 1.0 2.92921
 1.0 2.49254
 1.0 2.92159
 1.0 4.57221
 1.0 5.5684
 1.0 5.21065
 4.0 4.31454
 2.0 5.21013
 1.0 11.2657
 1.0 11.50627
 1.0 10.25961
 1.0 10.06633
 1.0 8.96679
 1.0 7.61348
 1.0 7.4586
 1.0 7.60871
 1.0 7.85907
 1.0 6.74747
 1.0 5.54996
 1.0 5.19203
 1.0 4.29394
 1.0 5.18822
 1.0 5.54641
 1.0 6.74162
 1.0 6.56747
 1.0 5.75247
 1.0 6.08114
 1.0 5.75487
 1.0 6.56956
 1.0 6.26612
 1.0 4.95813
 1.0 5.1914
 1.0 6.57211
 1.0 7.19494
 1.0 6.57932
 1.0 7.6203
 1.0 8.97287
 1.0 10.07477
 1.0 10.26598
 1.0 9.10629
 1.0 8.98248
 1.0 8.76457
 1.0 8.98805
 1.0 8.03248
 1.0 6.59874
 1.0 6.29359
 1.0 7.47636
 1.0 8.76711
 1.0 8.98682
 1.0 8.02833
 2.0 6.59536
 1.0 5.77901
 5.0 6.10491
 2.0 5.77759
 1.0 4.31587
 1.0 3.84038
 1.0 4.31909
 1.0 3.84468
 2.0 4.31968
 1.0 3.84104
 1.0 2.49135
 1.0 0.01092
 1.0 2.50028
 3.0 2.93016
 1.0 3.5289
 1.0 2.92162
 1.0 2.91398
 1.0 3.51623
 1.0 4.57281
 1.0 4.31389
 2.0 3.83815
 2.0 5.20906
 1.0 5.56941
 1.0 10.06828
 1.0 10.26071
 1.0 9.09971
 1.0 8.96897
 1.0 8.01075
 1.0 6.57817
 1.0 6.27601
 1.0 6.57433
 1.0 6.74868
 1.0 5.55396
 1.0 4.55824
 1.0 4.29847
 1.0 3.82294
 2.0 4.96598
 1.0 5.19194
 1.0 6.57338
 1.0 6.74899
 1.0 6.08659
 1.0 6.75227
 1.0 6.57842
 1.0 7.1953
 1.0 6.5742
 1.0 5.19351
 1.0 5.55737
 1.0 6.75106
 1.0 7.46295
 1.0 6.75644
 1.0 9.10325
 1.0 10.26655
 1.0 10.67467
 1.0 9.64505
 1.0 9.44569
 1.0 9.11578
 2.0 8.26905
 1.0 6.77126
 1.0 6.59411
 1.0 7.63053
 1.0 8.9856
 1.0 9.11457
 1.0 8.26502
 1.0 6.1031
 1.0 6.76596
 1.0 6.59163
 1.0 5.21018
 1.0 4.98171
 1.0 5.21178
 2.0 4.31652
 3.0 4.57891
 2.0 4.31586
 1.0 2.49143
 1.0 1.52242
 1.0 0.0077
 1.0 2.49588
 1.0 2.92257
 1.0 2.48697
 1.0 1.51874
 1.0 2.48136
 1.0 2.91303
 1.0 3.51782
 2.0 2.91871
 2.0 3.83525
 2.0 3.83382
 1.0 10.41026
 1.0 10.66936
 1.0 9.63914
 1.0 9.43403
 1.0 8.61892
 1.0 7.19935
 1.0 6.57946
 1.0 6.7512
 1.0 6.57603
 1.0 5.19526
 1.0 4.29848
 1.0 4.56438
 1.0 4.30427
 2.0 5.19838
 1.0 6.27411
 1.0 6.57716
 1.0 5.76207
 1.0 6.58052
 1.0 6.75597
 1.0 7.46254
 1.0 6.75104
 1.0 5.55687
 2.0 6.28076
 1.0 7.46221
 1.0 7.87174
 1.0 9.10755
 1.0 10.26574
 1.0 11.51415
 1.0 11.94477
 1.0 10.96385
 1.0 10.86072
 1.0 10.38631
 1.0 10.57505
 1.0 9.77557
 1.0 8.02869
 1.0 8.98653
 1.0 10.389
 1.0 10.57401
 1.0 9.77159
 1.0 8.2657
 1.0 7.6291
 1.0 8.26369
 1.0 8.02595
 1.0 6.59205
 1.0 6.29056
 1.0 6.59288
 1.0 5.77758
 1.0 3.84109
 2.0 2.49919
 1.0 2.49475
 1.0 1.5224
 1.0 0.01156
 1.0 1.51693
 1.0 2.48807
 1.0 2.92065
 2.0 2.49473
 2.0 1.52781
 2.0 2.91776
 2.0 2.48468
 1.0 10.6652
 1.0 11.12949
 1.0 10.06999
 1.0 9.6351
 1.0 8.75108
 1.0 7.46276
 1.0 6.75249
 1.0 6.57482
 1.0 6.27205
 1.0 4.96502
 1.0 3.82088
 1.0 4.30243
 1.0 3.82957
 1.0 4.3017
 1.0 3.82006
 1.0 4.96376
 1.0 5.19568
 1.0 4.30161
 1.0 5.2026
 1.0 5.56435
 1.0 6.28029
 1.0 5.55588
 1.0 4.5637
 1.0 5.56292
 1.0 6.75399
 1.0 7.87033
 1.0 7.62253
 1.0 8.97974
 2.0 10.07509
 1.0 11.41259
 1.0 11.78155
 1.0 10.85816
 1.0 10.96843
 1.0 10.5719
 1.0 10.97173
 2.0 10.27984
 1.0 8.7716
 1.0 8.26839
 1.0 9.1161
 1.0 10.57507
 1.0 10.97123
 2.0 10.27606
 1.0 8.76779
 1.0 8.26503
 1.0 8.76654
 2.0 8.26572
 1.0 6.76801
 1.0 6.59373
 1.0 7.21315
 1.0 6.7688
 2.0 4.31973
 2.0 2.92636
 3.0 2.49807
 1.0 3.84757
 1.0 4.32294
 1.0 3.84613
 1.0 2.49586
 1.0 1.5351
 1.0 0.01068
 1.0 1.52785
 1.0 2.92823
 3.0 2.49694
 2.0 2.92251
 1.0 3.52253
 1.0 11.26752
 1.0 11.77394
 1.0 10.84988
 1.0 10.37308
 1.0 9.63857
 1.0 8.39394
 1.0 7.46352
 1.0 7.19667
 1.0 6.5761
 1.0 5.19641
 1.0 4.3018
 1.0 5.20333
 1.0 4.9784
 1.0 5.20325
 1.0 4.30171
 1.0 5.19626
 1.0 5.55989
 1.0 4.56791
 1.0 5.56633
 1.0 6.2878
 1.0 7.04033
 1.0 5.56242
 1.0 6.76141
 1.0 7.86963
 1.0 9.10572
 1.0 8.97913
 1.0 10.3834
 1.0 11.41187
 1.0 12.79171
 1.0 13.18108
 1.0 12.29983
 1.0 12.45984
 1.0 12.04788
 1.0 12.46275
 1.0 11.79266
 1.0 9.77501
 1.0 10.5756
 1.0 12.05111
 1.0 12.46231
 1.0 11.78889
 1.0 9.77103
 1.0 10.27471
 1.0 9.77218
 1.0 8.02733
 1.0 8.63365
 1.0 8.02766
 1.0 8.26603
 1.0 7.63091
 1.0 5.78047
 1.0 4.31972
 1.0 3.84541
 1.0 4.99058
 1.0 5.21867
 1.0 4.32228
 2.0 2.92729
 1.0 2.50142
 2.0 1.53332
 2.0 2.49923
 1.0 3.5336
 2.0 2.93013
 1.0 12.53869
 1.0 12.93613
 1.0 12.03625
 1.0 11.67459
 1.0 10.95587
 1.0 9.64001
 1.0 8.75396
 1.0 8.61764
 1.0 8.01079
 1.0 6.57822
 1.0 5.76275
 1.0 6.58241
 1.0 6.28264
 1.0 6.58065
 1.0 5.76075
 1.0 6.5747
 1.0 6.75067
 1.0 5.55586
 1.0 6.2785
 1.0 7.03715
 1.0 8.01303
 1.0 7.45885
 1.0 6.75275
 1.0 7.86962
 1.0 9.0996
 1.0 10.26357
 1.0 11.41283
 1.0 12.54297
 1.0 13.86644
 1.0 14.17146
 1.0 13.18021
 1.0 13.27182
 2.0 12.94648
 1.0 13.2756
 1.0 12.46318
 1.0 10.97222
 1.0 10.574
 1.0 11.52212
 1.0 12.94949
 1.0 13.27477
 1.0 12.45916
 1.0 10.96868
 1.0 10.27279
 1.0 10.68017
 1.0 10.27361
 1.0 8.76525
 1.0 8.26367
 1.0 8.76587
 1.0 8.26466
 1.0 8.76618
 1.0 8.26399
 1.0 6.76633
 1.0 6.10489
 1.0 4.57889
 1.0 4.31971
 1.0 5.21866
 1.0 4.99056
 1.0 3.84829
 1.0 2.49918
 1.0 2.93109
 1.0 2.49699
 1.0 3.84543
 1.0 4.32295
 1.0 4.58619
 2.0 3.53202
 1.0 12.32099
 1.0 12.5409
 1.0 11.6765
 1.0 11.50751
 1.0 10.8488
 1.0 9.4358
 1.0 8.61957
 1.0 8.75136
 1.0 8.24961
 1.0 6.75244
 1.0 6.08855
 1.0 6.75489
 1.0 6.58107
 1.0 7.19731
 1.0 6.57554
 1.0 7.61154
 1.0 7.8625
 1.0 6.74939
 1.0 7.45954
 1.0 8.01161
 1.0 8.96849
 1.0 8.38577
 1.0 7.45848
 1.0 8.39077
 1.0 9.63523
 1.0 10.66868
 1.0 10.26304
 1.0 11.51173
 1.0 12.69465
 1.0 13.94816
 1.0 14.3055
 1.0 13.26553
 2.0 13.18106
 1.0 12.79342
 1.0 12.94776
 1.0 12.04878
 1.0 10.57294
 1.0 10.38577
 1.0 11.41793
 1.0 12.79603
 1.0 12.04463
 1.0 10.56979
 1.0 9.76674
 1.0 10.26982
 1.0 10.08006
 2.0 8.02247
 1.0 8.26264
 2.0 8.02349
 1.0 6.58947
 2.0 5.77468
 1.0 3.84034
 1.0 4.32035
 1.0 3.84467
 1.0 1.52784
 1.0 2.49587
 1.0 2.92067
 1.0 4.58075
 1.0 4.32101
 2.0 2.49808
 1.0 1.53144
 1.0 0.00704
 1.0 1.52052
 2.0 2.48913
 1.0 2.91967
 1.0 3.5194
 1.0 11.77175
 1.0 11.93722
 1.0 10.95484
 1.0 10.84596
 1.0 10.06744
 1.0 8.61697
 1.0 8.01076
 1.0 8.24622
 1.0 8.00794
 1.0 6.57476
 1.0 5.75738
 1.0 6.08671
 1.0 5.75977
 1.0 6.57342
 1.0 6.26927
 1.0 7.45289
 1.0 7.60749
 1.0 6.5704
 1.0 7.19066
 1.0 7.45584
 1.0 8.38344
 1.0 7.85684
 1.0 6.7449
 1.0 7.45737
 1.0 8.74615
 1.0 9.63436
 1.0 9.09868
 1.0 10.26249
 1.0 11.50665
 1.0 12.6942
 1.0 13.02627
 1.0 11.9401
 1.0 11.78059
 1.0 11.41354
 1.0 11.5192
 1.0 10.57241
 1.0 9.11303
 1.0 8.98157
 1.0 10.08031
 1.0 11.41598
 1.0 11.51776
 1.0 10.56821
 1.0 7.20621
 1.0 6.58782
 1.0 6.10125
 1.0 6.76467
 1.0 2.91589
 2.0 2.49027
 1.0 2.92728
 1.0 1.53691
 1.0 0.01238
 1.0 1.52603
 1.0 2.48472
 1.0 3.83529
 3.0 2.4936
 1.0 2.92347
 1.0 1.52418
 1.0 12.81114
 1.0 13.02362
 1.0 11.93603
 1.0 11.76983
 1.0 10.84389
 1.0 9.43135
 1.0 8.96773
 1.0 9.09265
 1.0 8.96398
 1.0 7.61018
 1.0 6.57095
 1.0 6.74788
 1.0 6.08305
 1.0 6.7433
 1.0 6.56625
 1.0 7.60206
 1.0 7.4473
 1.0 6.2626
 1.0 6.56492
 1.0 6.74076
 1.0 7.85331
 1.0 7.60129
 1.0 6.56579
 1.0 7.18916
 2.0 8.60909
 1.0 9.42857
 1.0 8.96824
 1.0 10.07064
 1.0 11.40402
 1.0 12.53982
 1.0 12.69373
 1.0 11.50952
 1.0 11.41279
 1.0 11.24258
 1.0 11.41863
 1.0 10.38869
 1.0 8.98588
 1.0 8.76362
 1.0 9.96439
 1.0 11.24506
 1.0 11.41717
 1.0 10.38441
 1.0 8.98278
 1.0 8.02381
 1.0 8.26129
 1.0 6.58905
 1.0 5.77372
 1.0 6.10306
 1.0 5.77753
 1.0 6.59238
 1.0 6.28827
 1.0 4.97939
 1.0 3.83814
 2.0 2.92346
 2.0 3.53198
 1.0 2.93391
 1.0 2.50585
 1.0 1.53511
 1.0 5.21066
 2.0 4.98498
 1.0 3.84248
 1.0 4.3184
 1.0 3.84322
 1.0 2.92348
 1.0 3.52728
 1.0 2.92537
 1.0 2.49137
 1.0 2.48803
 1.0 14.16214
 1.0 14.30056
 1.0 13.25893
 1.0 13.16849
 1.0 12.28452
 1.0 10.84492
 1.0 10.37006
 1.0 10.55196
 1.0 10.36709
 1.0 8.96555
 1.0 8.00517
 1.0 8.24554
 1.0 7.60904
 2.0 8.2411
 1.0 8.00061
 1.0 8.9574
 1.0 8.73757
 1.0 7.44618
 1.0 7.60018
 1.0 7.85188
 1.0 9.08548
 1.0 8.95581
 1.0 7.99918
 1.0 10.06013
 1.0 10.84172
 1.0 10.3694
 1.0 11.40474
 1.0 12.78121
 1.0 13.86037
 1.0 13.94412
 1.0 12.69328
 1.0 12.54423
 1.0 12.45241
 1.0 12.55021
 1.0 11.41885
 1.0 10.08275
 1.0 9.96326
 1.0 11.24331
 1.0 12.45464
 1.0 12.54844
 1.0 11.41447
 1.0 10.07999
 1.0 8.97998
 1.0 9.10781
 1.0 8.97938
 1.0 7.62467
 1.0 6.58776
 1.0 6.76423
 1.0 6.5911
 1.0 7.62755
 1.0 7.47075
 1.0 6.28605
 1.0 4.97937
 1.0 3.83451
 2.0 4.31517
 1.0 4.5825
 1.0 2.93297
 2.0 2.49696
 2.0 6.592
 1.0 6.29227
 1.0 5.21493
 1.0 4.3197
 1.0 2.92538
 1.0 2.49471
 1.0 1.52598
 1.0 2.48691
 1.0 3.83599
 1.0 14.18863
 1.0 14.16332
 1.0 13.16933
 1.0 13.25513
 1.0 12.43935
 1.0 10.94921
 1.0 10.55354
 1.0 10.94715
 1.0 10.84155
 1.0 9.42806
 1.0 8.6098
 1.0 8.74463
 1.0 9.08798
 1.0 8.95802
 1.0 10.05627
 1.0 9.93868
 1.0 8.73628
 1.0 8.95424
 1.0 9.08302
 1.0 10.24453
 1.0 10.05348
 1.0 8.95519
 1.0 9.42148
 1.0 10.83556
 1.0 11.49718
 1.0 10.84018
 1.0 11.76828
 1.0 13.16582
 1.0 14.16082
 1.0 14.2969
 1.0 13.02026
 1.0 12.69284
 1.0 12.54091
 1.0 12.4524
 1.0 11.24231
 1.0 9.96102
 1.0 10.07392
 1.0 11.4096
 1.0 12.54268
 1.0 12.45018
 1.0 11.23787
 1.0 9.95879
 1.0 8.75598
 1.0 8.97349
 1.0 9.10264
 1.0 7.86961
 1.0 6.75645
 1.0 6.58395
 1.0 6.28428
 1.0 7.46851
 1.0 7.62028
 1.0 6.58268
 1.0 5.20156
 1.0 4.30423
 1.0 4.57159
 1.0 5.20534
 1.0 7.20695
 1.0 5.20959
 1.0 5.5724
 1.0 4.58011
 1.0 3.52572
 1.0 0.00773
 1.0 1.5187
 2.0 4.30941
 1.0 13.93963
 1.0 13.85847
 1.0 12.78
 1.0 12.92804
 1.0 12.02549
 1.0 10.55088
 1.0 10.3668
 1.0 10.8382
 1.0 10.94636
 1.0 9.62979
 1.0 8.74143
 1.0 8.60785
 1.0 7.99886
 1.0 8.95521
 1.0 9.08339
 1.0 10.24349
 1.0 10.05073
 1.0 8.95117
 1.0 9.07847
 1.0 8.94898
 1.0 10.04878
 1.0 9.93308
 1.0 8.73215
 1.0 8.95333
 1.0 10.35651
 1.0 10.83402
 1.0 10.05791
 1.0 10.83915
 1.0 12.27941
 1.0 13.16497
 1.0 13.25249
 1.0 11.92935
 1.0 11.50419
 1.0 11.40496
 1.0 11.23909
 1.0 9.9599
 1.0 8.75724
 1.0 8.97161
 1.0 10.3742
 1.0 11.40643
 1.0 11.23662
 1.0 9.95544
 1.0 8.75534
 1.0 7.46405
 1.0 7.61628
 1.0 7.86608
 1.0 6.75316
 1.0 5.55742
 2.0 5.20051
 1.0 4.9749
 1.0 6.28294
 1.0 6.58056
 1.0 5.76405
 1.0 4.30164
 1.0 3.82512
 1.0 4.3081
 1.0 2.92732
 1.0 3.52102
 1.0 4.57222
 1.0 5.56243
 1.0 6.75687
 1.0 7.46819
 1.0 6.76137
 1.0 5.56789
 1.0 6.29051
 1.0 5.57339
 1.0 4.5783
 1.0 3.84686
 1.0 1.53331
 1.0 0.00998
 1.0 1.51871
 1.0 2.48471
 1.0 3.83239
 2.0 5.56742
 1.0 12.56494
 1.0 12.53702
 1.0 11.40215
 1.0 11.50041
 1.0 10.54982
 1.0 9.09201
 1.0 8.96396
 1.0 9.42303
 1.0 9.62747
 1.0 8.38186
 1.0 7.44958
 1.0 7.18573
 1.0 6.56371
 1.0 7.59876
 1.0 7.8484
 1.0 9.08093
 1.0 8.95055
 1.0 7.99224
 1.0 8.22994
 1.0 7.99084
 1.0 8.9493
 1.0 8.73056
 1.0 7.44059
 1.0 7.59765
 1.0 8.95334
 1.0 9.41973
 1.0 8.60652
 1.0 9.42593
 1.0 10.83916
 1.0 11.76735
 1.0 11.93054
 1.0 10.6619
 1.0 10.07118
 1.0 9.96104
 1.0 8.7614
 1.0 7.46967
 1.0 7.61848
 1.0 8.97319
 1.0 10.07284
 1.0 9.95881
 1.0 8.75697
 1.0 7.46743
 1.0 6.28299
 1.0 6.58232
 1.0 6.75485
 1.0 5.55845
 1.0 4.56437
 1.0 4.30751
 1.0 3.83454
 1.0 4.97715
 1.0 4.30229
 1.0 2.90636
 1.0 2.47354
 1.0 2.91302
 1.0 1.53693
 1.0 2.91784
 1.0 3.51626
 1.0 4.56494
 1.0 5.55842
 1.0 6.28166
 1.0 5.56489
 1.0 4.5728
 1.0 5.56889
 1.0 5.21172
 1.0 4.321
 1.0 2.92824
 1.0 2.4981
 1.0 0.00996
 1.0 1.51876
 1.0 2.48248
 1.0 12.5332
 1.0 12.44353
 1.0 11.23
 1.0 11.39747
 1.0 10.36247
 1.0 8.96146
 1.0 9.09136
 1.0 9.62428
 1.0 10.05877
 1.0 8.96143
 1.0 7.9992
 1.0 7.4477
 1.0 6.73463
 1.0 7.84556
 1.0 8.37056
 1.0 9.61618
 1.0 9.41059
 1.0 8.59556
 1.0 8.72807
 1.0 8.22457
 1.0 9.07329
 1.0 8.94558
 1.0 7.59107
 1.0 7.43835
 1.0 8.73025
 1.0 8.95147
 1.0 7.9957
 1.0 8.60522
 1.0 10.05681
 1.0 10.83813
 1.0 10.94403
 1.0 9.6263
 1.0 9.0944
 1.0 8.96853
 1.0 8.75694
 1.0 7.46855
 1.0 6.28254
 1.0 6.57679
 1.0 8.01063
 1.0 8.96978
 1.0 8.75441
 1.0 7.46409
 1.0 4.97271
 1.0 5.1979
 1.0 5.55447
 1.0 4.55828
 1.0 3.50369
 1.0 2.90834
 1.0 2.48359
 1.0 3.83089
 1.0 4.29971
 1.0 3.82221
 1.0 2.47018
 1.0 2.90355
 1.0 3.51468
 1.0 2.49924
 1.0 3.84546
 1.0 4.31204
 1.0 4.5692
 1.0 5.55794
 1.0 6.27548
 1.0 7.03563
 1.0 6.28253
 1.0 5.56589
 1.0 6.59199
 1.0 5.78238
 1.0 4.32229
 1.0 3.84688
 1.0 2.50034
 1.0 1.52969
 1.0 2.48809
 1.0 2.91305
 1.0 5.56543
 2.0 6.58906
 1.0 5.77517
 1.0 13.74309
 1.0 13.71857
 1.0 12.4424
 1.0 12.53141
 1.0 11.39551
 1.0 10.06183
 1.0 10.25329
 1.0 10.65514
 1.0 11.11883
 1.0 10.06045
 1.0 8.95741
 1.0 8.37722
 1.0 7.44361
 1.0 8.36891
 1.0 8.94965
 1.0 10.04662
 1.0 9.61071
 1.0 8.72617
 1.0 8.58978
 1.0 7.98185
 1.0 8.94095
 1.0 9.07176
 1.0 7.8399
 1.0 7.59144
 1.0 8.94836
 1.0 9.07999
 2.0 8.23497
 1.0 8.74041
 1.0 10.24887
 1.0 10.94652
 1.0 10.83862
 1.0 9.42443
 1.0 8.9682
 1.0 9.10013
 1.0 8.97932
 1.0 7.62718
 1.0 6.58856
 1.0 6.75475
 1.0 8.2518
 1.0 9.10136
 1.0 8.97685
 1.0 7.62281
 1.0 6.58686
 1.0 5.2074
 1.0 4.97493
 1.0 4.30037
 1.0 2.90447
 1.0 2.92342
 2.0 4.31318
 1.0 4.56607
 1.0 4.3029
 1.0 2.90825
 1.0 3.51155
 1.0 4.57282
 1.0 3.84903
 1.0 4.99061
 1.0 5.21072
 1.0 5.56642
 1.0 6.27992
 1.0 7.03406
 1.0 8.01584
 1.0 7.46853
 1.0 6.7626
 1.0 7.87666
 1.0 7.62906
 1.0 6.59749
 1.0 5.2176
 1.0 4.32231
 1.0 3.51784
 1.0 6.28567
 1.0 7.47044
 1.0 13.71493
 1.0 13.85941
 1.0 12.53653
 1.0 12.43906
 1.0 11.22579
 1.0 9.94769
 1.0 10.0635
 1.0 10.24787
 1.0 10.65568
 1.0 9.6272
 1.0 8.37691
 1.0 7.8541
 1.0 6.73673
 1.0 7.44026
 1.0 7.99055
 1.0 8.94594
 1.0 8.3623
 1.0 7.43395
 1.0 7.1672
 1.0 6.54723
 1.0 7.58562
 1.0 7.83778
 1.0 6.72721
 1.0 6.55649
 1.0 7.99222
 1.0 7.60531
 1.0 8.24542
 1.0 9.75071
 1.0 10.55602
 1.0 10.37016
 1.0 8.96882
 1.0 8.75818
 1.0 8.97901
 1.0 9.11568
 1.0 7.88648
 1.0 6.77241
 1.0 6.58982
 1.0 8.02133
 1.0 8.98088
 1.0 9.11386
 1.0 7.88225
 1.0 6.76993
 1.0 5.57729
 1.0 4.98162
 1.0 3.83597
 1.0 2.93295
 1.0 3.53664
 1.0 4.58425
 1.0 3.83447
 1.0 2.49025
 1.0 4.31582
 1.0 4.58613
 1.0 4.32871
 1.0 5.22135
 1.0 4.98504
 1.0 5.56193
 1.0 6.27945
 1.0 7.46668
 1.0 7.20652
 1.0 6.58986
 1.0 7.47414
 1.0 6.28875
 1.0 6.77003
 1.0 5.57639
 1.0 4.58316
 1.0 2.92822
 1.0 5.56592
 1.0 4.98054
 1.0 15.03655
 1.0 15.21999
 1.0 13.859
 1.0 13.71391
 1.0 12.43793
 1.0 11.22926
 1.0 11.39992
 1.0 11.49483
 1.0 11.92476
 1.0 10.94511
 1.0 9.62433
 1.0 9.08864
 1.0 7.85128
 1.0 8.3696
 1.0 8.94908
 1.0 9.73143
 1.0 8.941
 1.0 7.9833
 1.0 7.42839
 1.0 6.71861
 1.0 7.83356
 1.0 8.36129
 1.0 7.43653
 1.0 7.17603
 1.0 8.59875
 1.0 8.73722
 1.0 8.24204
 1.0 8.74864
 1.0 10.25589
 1.0 10.95435
 1.0 10.55704
 1.0 9.0995
 1.0 8.97961
 1.0 9.44497
 1.0 9.65644
 1.0 8.41416
 1.0 7.48407
 1.0 7.21147
 1.0 8.62965
 1.0 9.44675
 1.0 9.65472
 1.0 8.41019
 1.0 7.48182
 1.0 6.30098
 1.0 5.58027
 1.0 5.21485
 1.0 4.31705
 1.0 2.92722
 1.0 3.53978
 1.0 4.59271
 1.0 5.58123
 1.0 5.21267
 1.0 4.98155
 1.0 3.84246
 1.0 5.7785
 1.0 6.11213
 1.0 5.78909
 1.0 6.60213
 1.0 6.29408
 1.0 6.75934
 1.0 7.46557
 1.0 8.75853
 1.0 8.62843
 1.0 8.02415
 1.0 8.98186
 2.0 8.76459
 1.0 7.62872
 1.0 7.88234
 1.0 6.77084
 1.0 5.5764
 1.0 4.58436
 1.0 4.32098
 1.0 5.77659
 1.0 6.59073
 1.0 6.76181
 1.0 7.87387
 1.0 7.6229
 1.0 7.47082
 1.0 15.21617
 1.0 15.54797
 1.0 14.16439
 1.0 13.8554
 1.0 12.53276
 1.0 11.4026
 1.0 11.50258
 1.0 11.39408
 1.0 11.76104
 1.0 10.83849
 1.0 9.4219
 1.0 8.96212
 1.0 7.60433
 1.0 7.84705
 1.0 8.36933
 1.0 8.94444
 1.0 7.9819
 1.0 7.00412
 1.0 6.2428
 1.0 5.52296
 1.0 6.72107
 1.0 7.43319
 1.0 6.73056
 1.0 6.56202
 1.0 7.99675
 1.0 8.24104
 1.0 8.01026
 1.0 8.62195
 1.0 10.07111
 1.0 10.85394
 1.0 10.37896
 1.0 8.9793
 1.0 9.11688
 1.0 9.65529
 1.0 10.09561
 1.0 9.00155
 1.0 8.04206
 1.0 7.48408
 1.0 8.77082
 1.0 9.65761
 1.0 10.09452
 1.0 8.99783
 1.0 8.03927
 1.0 7.0639
 1.0 6.30849
 1.0 5.58525
 1.0 4.58971
 1.0 3.54136
 1.0 4.6
 1.0 5.5912
 1.0 6.30626
 1.0 5.57974
 1.0 5.21643
 1.0 4.32607
 1.0 4.58252
 1.0 6.1085
 1.0 6.77777
 1.0 6.6063
 1.0 7.2216
 1.0 6.59708
 1.0 6.76878
 1.0 7.20384
 1.0 8.6265
 1.0 8.26362
 1.0 9.11057
 1.0 8.98249
 1.0 7.62652
 1.0 7.8774
 1.0 8.40503
 2.0 7.47824
 1.0 6.29494
 1.0 5.57787
 1.0 5.21757
 1.0 4.31841
 1.0 4.57887
 2.0 6.10487
 1.0 6.7655
 1.0 7.46748
 1.0 7.62399
 1.0 5.20748
 1.0 5.56744
 2.0 5.56993
 1.0 16.60533
 1.0 16.95615
 1.0 15.54813
 1.0 15.21579
 1.0 13.85499
 1.0 12.78148
 1.0 12.9306
 1.0 12.77279
 1.0 13.15999
 1.0 12.27975
 1.0 10.83671
 1.0 10.36547
 1.0 8.96058
 1.0 9.08163
 1.0 9.61716
 1.0 10.04394
 1.0 8.94043
 1.0 7.98337
 1.0 6.9994
 1.0 6.24368
 1.0 7.42985
 1.0 8.36299
 1.0 7.84563
 1.0 7.60099
 1.0 8.95644
 1.0 9.09098
 1.0 8.97004
 1.0 9.43911
 1.0 10.85086
 1.0 11.51448
 1.0 10.85544
 1.0 9.44437
 1.0 9.65671
 1.0 10.3931
 1.0 10.87564
 1.0 9.78961
 1.0 9.00153
 1.0 8.41415
 1.0 9.6573
 1.0 10.39525
 1.0 10.87462
 1.0 9.78619
 1.0 8.99903
 1.0 8.04374
 1.0 7.06703
 1.0 6.30715
 1.0 5.58522
 1.0 4.59514
 1.0 5.59418
 1.0 6.78629
 1.0 7.49071
 1.0 6.77562
 1.0 6.59779
 1.0 5.78663
 1.0 6.10851
 1.0 7.63449
 2.0 8.2747
 1.0 8.03904
 1.0 8.642
 1.0 8.03078
 1.0 8.26667
 1.0 8.62587
 1.0 10.0789
 1.0 10.273
 1.0 9.77012
 1.0 10.38496
 1.0 9.6514
 2.0 8.76808
 1.0 7.47825
 1.0 6.77207
 1.0 6.59746
 1.0 5.779
 1.0 7.63087
 1.0 8.26298
 1.0 8.97788
 1.0 8.75765
 1.0 8.97851
 1.0 6.76225
 2.0 6.76471
 2.0 6.29053
 1.0 16.95223
 1.0 17.43012
 1.0 16.01592
 1.0 15.54439
 1.0 14.16106
 1.0 13.1718
 1.0 13.2574
 1.0 12.9246
 1.0 13.24819
 1.0 12.43691
 1.0 10.94467
 1.0 10.55302
 1.0 9.09298
 1.0 8.95595
 1.0 9.41575
 1.0 9.61198
 1.0 8.36108
 1.0 7.43409
 1.0 6.24422
 1.0 5.52756
 1.0 6.72443
 1.0 7.84141
 1.0 7.59997
 1.0 7.45297
 1.0 8.74268
 1.0 8.96821
 1.0 9.10504
 1.0 9.64899
 1.0 10.96322
 1.0 11.68762
 1.0 10.96902
 1.0 9.65557
 1.0 10.0967
 1.0 10.87386
 1.0 11.53955
 1.0 10.59591
 1.0 9.79276
 1.0 9.00062
 1.0 10.09589
 1.0 10.87643
 1.0 11.53907
 1.0 10.59275
 1.0 9.78989
 1.0 9.00584
 1.0 8.05032
 1.0 7.07019
 1.0 6.31113
 1.0 5.59419
 1.0 6.79204
 1.0 7.90122
 1.0 8.42239
 1.0 7.4885
 1.0 7.22032
 1.0 6.60625
 1.0 6.77533
 1.0 8.27135
 1.0 9.12456
 1.0 8.99794
 1.0 9.45804
 1.0 8.6375
 1.0 8.76965
 1.0 8.26231
 1.0 8.76203
 1.0 10.27112
 1.0 10.68193
 1.0 10.27437
 1.0 10.96611
 1.0 10.85917
 1.0 9.44422
 1.0 9.64708
 1.0 10.38605
 1.0 9.65225
 1.0 8.40602
 1.0 7.88443
 1.0 7.63451
 1.0 6.76958
 1.0 8.26666
 1.0 8.2603
 1.0 9.10603
 1.0 9.44101
 1.0 8.62785
 1.0 7.20659
 1.0 7.47046
 1.0 8.40076
 2.0 7.87741
 1.0 7.47417
 1.0 16.03553
 1.0 16.58672
 1.0 15.14531
 1.0 14.59278
 1.0 13.16882
 1.0 12.28966
 1.0 12.44356
 1.0 12.02411
 1.0 12.43352
 1.0 11.76486
 1.0 10.25094
 1.0 9.75258
 1.0 8.24559
 1.0 7.99792
 1.0 8.60022
 1.0 8.72627
 1.0 7.43144
 1.0 6.7262
 1.0 5.52514
 1.0 4.53225
 1.0 5.52702
 1.0 6.72774
 1.0 6.56382
 1.0 6.27024
 1.0 7.45293
 1.0 7.61481
 1.0 7.87452
 1.0 8.40561
 1.0 9.64811
 1.0 10.38938
 1.0 9.65471
 1.0 8.41318
 1.0 9.00216
 1.0 9.7865
 2.0 10.59434
 1.0 9.79844
 1.0 9.01021
 1.0 8.04656
 1.0 9.00031
 1.0 9.78935
 1.0 9.79559
 1.0 9.00709
 1.0 8.42901
 1.0 7.50373
 1.0 6.31863
 1.0 5.5957
 1.0 5.23773
 1.0 6.62011
 1.0 7.65298
 1.0 7.90052
 1.0 6.78302
 1.0 6.60412
 1.0 6.30724
 1.0 6.60252
 1.0 8.03384
 1.0 8.99637
 1.0 9.12673
 1.0 9.6609
 1.0 8.77095
 1.0 8.63555
 1.0 8.25993
 1.0 9.76698
 1.0 10.27435
 1.0 10.08359
 1.0 10.85864
 1.0 10.9651
 1.0 9.64649
 1.0 10.07895
 1.0 10.86046
 1.0 10.08472
 1.0 8.98622
 1.0 8.40899
 1.0 7.88513
 1.0 6.77001
 1.0 6.59577
 1.0 8.029
 1.0 8.63104
 1.0 8.97695
 1.0 9.10391
 1.0 8.02109
 1.0 8.98068
 2.0 8.40109
 1.0 7.8767
 1.0 16.20507
 1.0 16.70468
 1.0 15.22306
 1.0 14.72579
 1.0 13.25712
 1.0 12.44687
 1.0 12.78234
 1.0 12.43617
 1.0 13.01265
 1.0 12.438
 1.0 10.94566
 1.0 10.25579
 1.0 8.74596
 1.0 8.60276
 1.0 9.41604
 1.0 9.61168
 1.0 8.36042
 1.0 7.84012
 1.0 6.72211
 1.0 5.52663
 1.0 6.24503
 1.0 7.4355
 1.0 7.18119
 1.0 6.56843
 1.0 7.60463
 1.0 7.45736
 1.0 7.6221
 1.0 7.87942
 1.0 9.10894
 1.0 9.65239
 1.0 8.76794
 1.0 7.48295
 1.0 8.04412
 1.0 9.00059
 1.0 9.79443
 1.0 9.01389
 1.0 8.43101
 1.0 7.49559
 1.0 8.41944
 1.0 9.00307
 1.0 9.79444
 1.0 9.01141
 1.0 8.42834
 1.0 7.90685
 1.0 6.79778
 1.0 5.60017
 1.0 5.23507
 1.0 5.00832
 1.0 6.31956
 1.0 7.49968
 1.0 7.65114
 1.0 6.60831
 1.0 6.77732
 1.0 6.60672
 1.0 7.21929
 1.0 8.63875
 1.0 9.45918
 1.0 9.66406
 1.0 10.39649
 1.0 9.65517
 1.0 9.4501
 1.0 8.98034
 1.0 10.56711
 1.0 10.96785
 1.0 10.86145
 1.0 11.78388
 1.0 11.94755
 1.0 10.67729
 1.0 11.13983
 1.0 11.78651
 1.0 10.86353
 1.0 9.77301
 1.0 8.98962
 1.0 8.40965
 1.0 7.21388
 1.0 8.6349
 1.0 9.44716
 1.0 10.07648
 1.0 10.2655
 1.0 10.6755
 1.0 9.6468
 1.0 8.3991
 1.0 8.97914
 1.0 8.98099
 1.0 17.69243
 1.0 18.1944
 1.0 16.70551
 1.0 16.20524
 1.0 14.72599
 1.0 13.94575
 1.0 14.29987
 1.0 13.93481
 1.0 14.50477
 1.0 13.93625
 1.0 12.43646
 1.0 11.76886
 1.0 10.25473
 1.0 10.05501
 1.0 10.83034
 1.0 10.92918
 1.0 9.60739
 1.0 9.07353
 1.0 7.83523
 1.0 6.72418
 1.0 7.43108
 1.0 8.72722
 1.0 8.60343
 1.0 8.00379
 1.0 8.96113
 1.0 8.74932
 1.0 8.97812
 1.0 9.11385
 1.0 10.27156
 1.0 10.68493
 1.0 9.65497
 1.0 8.41349
 1.0 9.00399
 1.0 10.10109
 1.0 10.88688
 1.0 10.11404
 1.0 9.67803
 1.0 8.78603
 1.0 9.6668
 1.0 10.1033
 1.0 10.88689
 1.0 10.11183
 1.0 9.67569
 1.0 9.14061
 1.0 7.91107
 1.0 6.79491
 1.0 6.61465
 1.0 6.31472
 1.0 7.50304
 1.0 8.78984
 2.0 9.00587
 1.0 8.04136
 1.0 8.27433
 1.0 8.03938
 1.0 8.63942
 1.0 10.08994
 1.0 10.87296
 1.0 10.98133
 1.0 11.6973
 1.0 10.97249
 1.0 10.86404
 1.0 10.56608
 1.0 12.04273
 1.0 12.45866
 1.0 12.30204
 1.0 13.1823
 1.0 13.27035
 1.0 11.94594
 1.0 12.29803
 1.0 12.94713
 1.0 12.04901
 1.0 10.86355
 1.0 10.08832
 1.0 9.65599
 1.0 8.63426
 1.0 10.08609
 1.0 10.86071
 1.0 10.38204
 1.0 11.41138
 1.0 11.51104
 1.0 11.94364
 1.0 9.64537
 1.0 10.0776
 1.0 10.85743
 1.0 10.08008
 1.0 9.11123
 1.0 7.87812
 1.0 6.76553
 1.0 18.52598
 1.0 18.96513
 1.0 17.4974
 1.0 17.06588
 1.0 15.61838
 1.0 14.72772
 1.0 15.01195
 1.0 14.71736
 1.0 15.20725
 1.0 14.50634
 1.0 13.0125
 1.0 12.43868
 1.0 10.94618
 1.0 10.83108
 1.0 11.48695
 1.0 11.64691
 1.0 10.34167
 1.0 9.60831
 1.0 8.35621
 1.0 7.43001
 1.0 8.35876
 1.0 9.61052
 1.0 9.41632
 1.0 8.95932
 1.0 10.05822
 1.0 9.94873
 1.0 10.07391
 1.0 10.27132
 1.0 11.51521
 1.0 11.95088
 1.0 10.96925
 1.0 9.65585
 1.0 10.09834
 1.0 11.15759
 1.0 11.80846
 1.0 10.88817
 1.0 10.40997
 1.0 9.66681
 1.0 10.69379
 1.0 11.15959
 1.0 11.808
 1.0 10.8856
 1.0 10.4078
 1.0 9.67453
 1.0 8.43096
 1.0 7.49852
 1.0 7.22917
 1.0 6.61254
 1.0 7.65443
 1.0 9.46612
 1.0 8.64379
 1.0 8.77274
 1.0 8.77061
 1.0 10.27843
 1.0 10.97774
 1.0 10.87299
 1.0 11.52864
 1.0 10.86433
 1.0 10.96917
 1.0 10.56663
 1.0 10.96129
 1.0 12.45332
 1.0 12.79512
 1.0 12.45712
 1.0 13.26908
 1.0 11.78132
 1.0 11.94479
 1.0 12.55006
 1.0 11.68778
 1.0 10.38713
 1.0 9.65399
 1.0 9.45097
 1.0 8.63234
 1.0 8.76617
 1.0 10.27466
 1.0 10.96537
 1.0 10.56559
 1.0 11.51127
 1.0 11.40774
 1.0 11.77827
 1.0 9.44072
 1.0 9.64337
 1.0 10.38127
 1.0 9.64654
 1.0 9.44396
 1.0 8.98223
 1.0 7.62764
