
 100.0 1.526
 1.0 1.76286
 2.0 2.92254
 97.0 2.49139
 1.0 3.94047
 39.0 3.83962
 1.0 5.21228
 10.0 4.98278
 1.0 6.35302
 5.0 6.29053
 12.0 6.59075
 20.0 5.21015
 57.0 4.31457
 57.0 2.92064
 1.0 6.3517
 3.0 6.76469
 4.0 5.56991
 11.0 4.57587
 9.0 3.52256
 1.0 5.21067
 6.0 5.56891
 10.0 4.57526
 7.0 3.52098
 9.0 2.91968
 18.0 2.48916
 1.0 5.28699
 1.0 5.2112
 1.0 4.3152
 2.0 2.92063
 2.0 2.49026
 3.0 1.52235
 1.0 5.2144
 1.0 4.985
 1.0 3.84106
 3.0 2.49361
 1.0 1.52599
 1.0 0.00446
 3.0 1.52236
 1.0 5.84792
 1.0 5.21546
 2.0 4.31841
 1.0 2.92538
 1.0 2.49249
 4.0 2.48805
 17.0 3.83745
 1.0 5.21599
 1.0 4.31906
 1.0 3.84177
 5.0 3.83601
 11.0 4.98055
 1.0 3.94467
 1.0 2.92633
 2.0 2.4936
 2.0 1.52782
 3.0 2.91875
 1.0 4.31136
 4.0 5.20801
 8.0 5.56942
 1.0 2.92728
 1.0 2.49584
 1.0 0.00704
 1.0 1.52054
 4.0 2.48695
 2.0 3.83457
 2.0 4.31071
 3.0 4.57405
 1.0 1.76914
 1.0 1.53147
 1.0 0.00703
 2.0 1.52421
 2.0 3.83603
 3.0 4.97833
 1.0 5.20642
 5.0 5.56792
 7.0 4.57465
 6.0 4.31392
 1.0 1.52963
 1.0 0.00862
 2.0 1.52055
 3.0 6.28569
 2.0 6.58696
 3.0 6.76264
 1.0 5.56791
 1.0 5.20908
 1.0 1.76287
 1.0 1.52422
 1.0 6.28658
 2.0 7.46972
 2.0 7.62363
 4.0 7.87529
 2.0 6.76305
 1.0 6.58991
 8.0 6.28832
 11.0 5.77566
 2.0 2.9197
 1.0 2.48696
 1.0 3.83458
 1.0 4.97834
 1.0 8.75956
 2.0 8.9782
 1.0 9.10817
 2.0 7.87528
 1.0 7.62617
 3.0 7.47194
 4.0 7.62727
 1.0 3.93906
 1.0 2.91876
 1.0 5.20643
 2.0 6.58613
 1.0 7.62291
 1.0 8.97697
 1.0 9.44042
 2.0 9.64508
 1.0 8.39876
 6.0 7.62508
 1.0 4.5783
 2.0 3.52416
 3.0 4.57406
 1.0 5.56794
 1.0 6.76102
 1.0 7.8739
 1.0 9.10575
 3.0 9.64336
 2.0 10.07758
 2.0 8.97912
 1.0 8.39976
 3.0 7.8753
 1.0 7.62618
 3.0 6.58992
 1.0 5.20909
 3.0 5.56993
 6.0 4.57588
 4.0 3.52257
 1.0 5.8446
 1.0 4.57831
 1.0 5.56843
 1.0 6.28746
 2.0 7.46898
 1.0 8.39747
 1.0 9.64251
 1.0 10.37858
 3.0 10.85511
 1.0 9.76477
 1.0 8.97913
 2.0 8.39877
 1.0 6.76307
 2.0 5.56793
 1.0 6.28878
 2.0 5.56943
 1.0 6.76593
 2.0 6.76224
 1.0 7.47009
 2.0 8.7586
 1.0 9.64337
 2.0 10.95958
 1.0 11.67924
 1.0 12.0405
 1.0 9.10818
 3.0 6.76265
 1.0 7.47232
 4.0 6.76429
 1.0 8.07362
 1.0 6.76552
 1.0 8.39878
 1.0 10.37886
 1.0 11.6783
 1.0 12.54321
 1.0 12.94049
 1.0 11.77992
 1.0 10.38045
 3.0 9.64509
 1.0 7.47046
 1.0 8.40042
 1.0 7.87671
 1.0 8.02453
 1.0 6.59033
 2.0 7.62398
 1.0 7.87318
 1.0 9.10421
 1.0 9.64135
 1.0 10.9573
 1.0 11.93992
 1.0 12.29352
 1.0 11.13535
 2.0 10.07538
 1.0 9.64307
 2.0 7.4686
 1.0 6.7606
 3.0 7.87459
 8.0 6.58865
 6.0 6.76388
 6.0 6.10126
 1.0 7.67706
 3.0 6.28699
 2.0 7.46858
 1.0 7.6218
 1.0 8.97509
 1.0 9.43777
 1.0 10.85076
 1.0 11.77661
 1.0 11.94153
 1.0 10.67288
 1.0 9.64277
 1.0 9.44011
 1.0 8.62527
 1.0 7.20465
 3.0 6.58653
 1.0 7.62435
 1.0 7.47082
 1.0 6.58906
 6.0 5.77373
 5.0 4.31263
 1.0 6.28787
 3.0 4.97831
 1.0 6.28433
 2.0 6.58527
 1.0 8.01761
 1.0 8.62334
 1.0 10.074
 1.0 10.85254
 1.0 10.96082
 1.0 9.64362
 3.0 8.75953
 1.0 8.62591
 1.0 8.02142
 1.0 6.58821
 1.0 5.77228
 10.0 6.58864
 2.0 6.28743
 1.0 4.97942
 3.0 5.208
 5.0 4.31198
 4.0 2.91778
 1.0 6.34732
 1.0 5.20426
 1.0 6.58441
 1.0 6.75852
 2.0 8.25558
 1.0 8.75699
 1.0 10.26494
 1.0 10.95954
 1.0 10.85431
 1.0 9.44039
 1.0 8.62589
 1.0 8.76015
 1.0 8.26029
 2.0 6.76303
 1.0 6.09942
 1.0 6.58862
 2.0 5.20746
 2.0 5.56741
 1.0 4.57282
 2.0 3.5194
 1.0 7.62433
 1.0 6.58525
 2.0 8.01829
 1.0 8.25626
 1.0 9.76218
 1.0 10.26548
 1.0 11.77801
 1.0 12.4509
 1.0 12.29574
 1.0 10.85507
 1.0 10.07783
 1.0 10.26872
 1.0 9.76644
 1.0 8.26028
 1.0 7.62542
 1.0 8.26096
 1.0 8.02279
 1.0 6.58904
 1.0 6.76344
 2.0 5.5679
 1.0 4.57404
 3.0 5.20961
 11.0 4.31264
 7.0 4.57527
 1.0 8.06775
 1.0 7.20232
 1.0 8.62331
 1.0 8.75698
 1.0 10.26547
 1.0 10.67286
 1.0 12.19886
 1.0 12.78928
 1.0 12.45266
 1.0 10.9618
 1.0 10.2687
 1.0 10.67649
 1.0 10.27033
 1.0 8.76204
 1.0 8.26062
 1.0 8.76236
 1.0 8.62846
 2.0 7.20732
 1.0 7.47154
 1.0 6.28697
 1.0 6.76386
 1.0 6.59032
 6.0 6.10127
 1.0 7.20347
 1.0 6.58271
 1.0 8.01724
 1.0 8.25591
 1.0 9.76273
 1.0 10.26654
 1.0 11.77964
 1.0 12.20066
 1.0 11.78175
 1.0 10.26896
 1.0 9.76699
 1.0 10.27032
 1.0 10.08112
 1.0 8.62973
 1.0 8.02346
 1.0 8.26195
 1.0 8.02312
 1.0 6.58903
 1.0 6.76261
 1.0 5.5664
 4.0 6.58863
 3.0 6.76387
 2.0 6.09944
 1.0 8.06567
 1.0 7.61885
 1.0 8.97506
 1.0 9.10416
 1.0 10.56397
 1.0 10.96078
 1.0 12.45221
 1.0 12.79078
 1.0 12.20246
 1.0 10.67646
 1.0 10.27057
 1.0 10.96483
 1.0 10.85966
 1.0 9.44565
 1.0 8.98185
 1.0 9.11056
 1.0 8.98123
 1.0 7.62576
 1.0 7.87525
 1.0 6.76138
 1.0 6.5882
 2.0 8.0221
 1.0 8.26131
 3.0 7.62544
 5.0 8.26132
 1.0 8.0242
 1.0 8.39377
 1.0 7.86749
 1.0 9.10203
 1.0 8.9735
 1.0 10.37691
 1.0 10.56239
 1.0 12.03859
 1.0 12.45086
 1.0 11.77985
 1.0 10.26678
 1.0 9.76498
 1.0 10.56659
 1.0 10.38306
 1.0 8.98061
 1.0 8.76139
 1.0 8.97968
 1.0 9.10782
 1.0 7.87384
 1.0 8.39774
 1.0 7.46819
 1.0 7.20502
 1.0 8.62655
 1.0 8.76143
 5.0 8.2593
 3.0 8.76176
 1.0 9.14535
 1.0 8.39179
 1.0 9.63929
 1.0 9.43597
 1.0 10.85072
 1.0 10.9575
 1.0 12.44887
 1.0 13.02798
 1.0 12.45087
 1.0 10.95977
 1.0 10.2668
 1.0 10.96155
 1.0 10.56661
 1.0 9.10752
 1.0 8.97847
 1.0 9.44155
 2.0 9.64447
 1.0 8.39708
 1.0 8.97724
 1.0 7.46821
 2.0 8.62656
 1.0 8.02004
 3.0 8.25931
 1.0 7.62545
 1.0 6.09945
 1.0 5.77374
 1.0 9.75934
 1.0 8.97105
 1.0 10.07066
 1.0 9.63756
 1.0 10.95573
 1.0 10.84893
 1.0 12.29031
 1.0 12.93658
 1.0 12.29212
 1.0 10.85097
 1.0 10.07396
 1.0 10.85302
 1.0 10.3796
 1.0 8.97692
 1.0 9.1054
 1.0 9.64274
 1.0 10.07535
 1.0 8.97569
 1.0 9.76219
 1.0 8.9754
 1.0 8.39578
 1.0 9.64363
 1.0 9.44129
 1.0 8.97757
 1.0 9.10726
 1.0 6.76183
 2.0 5.20802
 1.0 10.70567
 1.0 10.06956
 1.0 11.13082
 1.0 10.66816
 1.0 11.938
 1.0 11.77444
 1.0 13.17387
 1.0 13.72241
 1.0 12.93785
 2.0 11.51001
 2.0 10.85249
 1.0 11.77869
 1.0 11.4123
 1.0 10.07643
 1.0 10.26681
 1.0 10.67363
 1.0 11.13581
 1.0 10.07479
 1.0 10.85304
 1.0 10.07426
 1.0 9.64247
 2.0 10.96107
 1.0 10.85536
 1.0 10.37991
 1.0 10.56613
 3.0 9.76562
 4.0 8.02212
 1.0 10.06983
 1.0 9.63553
 1.0 10.66764
 1.0 10.2603
 1.0 11.50807
 1.0 11.40693
 1.0 12.78621
 1.0 13.17511
 1.0 12.29298
 2.0 10.85171
 1.0 10.37849
 2.0 11.41131
 2.0 11.24182
 1.0 9.96103
 1.0 10.07642
 1.0 10.26625
 1.0 10.6731
 1.0 9.64158
 1.0 10.3772
 1.0 9.64045
 1.0 9.43834
 1.0 10.8533
 1.0 10.56402
 3.0 10.96159
 2.0 10.2682
 1.0 8.75986
 3.0 6.76182
 1.0 11.26832
 1.0 10.95293
 1.0 11.9366
 1.0 11.50687
 1.0 12.69373
 1.0 12.54047
 1.0 13.86337
 1.0 14.16826
 1.0 13.17635
 1.0 11.77724
 1.0 11.41105
 1.0 12.54489
 1.0 12.45352
 1.0 11.41229
 1.0 11.5129
 1.0 11.94218
 1.0 10.95926
 1.0 11.67824
 1.0 10.95802
 1.0 10.85253
 1.0 12.29417
 1.0 12.45203
 1.0 12.03957
 1.0 12.45249
 1.0 11.7811
 1.0 12.03261
 1.0 11.67158
 1.0 12.5374
 1.0 11.93543
 1.0 13.0239
 1.0 12.69241
 1.0 13.94531
 1.0 14.30273
 1.0 13.26234
 1.0 11.93867
 2.0 11.51047
 1.0 12.69679
 1.0 12.5449
 1.0 11.77868
 1.0 11.94101
 1.0 12.54249
 1.0 11.67729
 1.0 12.54162
 1.0 11.93919
 1.0 11.77684
 1.0 13.17643
 1.0 13.26555
 1.0 12.93941
 2.0 13.26619
 2.0 12.45248
 4.0 10.56612
 3.0 9.10725
 2.0 8.97974
 1.0 11.26586
 1.0 10.95091
 1.0 11.67157
 1.0 10.95215
 1.0 11.93565
 1.0 11.50613
 1.0 12.69284
 1.0 13.02474
 1.0 11.93797
 1.0 10.66839
 1.0 10.26299
 1.0 11.41106
 1.0 10.3785
 1.0 10.95748
 1.0 11.67633
 1.0 10.95623
 1.0 11.93802
 1.0 11.50764
 1.0 11.40747
 1.0 12.7867
 1.0 12.93875
 1.0 12.78758
 2.0 13.17728
 1.0 12.29486
 1.0 10.85407
 2.0 10.3799
 2.0 8.97756
 2.0 9.10756
 4.0 7.87458
 1.0 12.28558
 1.0 11.93266
 1.0 12.53541
 1.0 11.67061
 1.0 12.53627
 1.0 11.93448
 1.0 13.02282
 1.0 13.40445
 1.0 12.28802
 1.0 11.1288
 1.0 10.6684
 1.0 11.93868
 1.0 11.77725
 1.0 11.67537
 1.0 12.53961
 1.0 11.93732
 1.0 13.02437
 1.0 12.69247
 1.0 12.54009
 2.0 13.86284
 1.0 13.94777
 2.0 13.86385
 1.0 14.16952
 1.0 13.17727
 1.0 11.77872
 2.0 11.41161
 2.0 10.07619
 2.0 10.26819
 4.0 6.76428
 4.0 5.56941
 1.0 12.81019
 1.0 12.284
 1.0 12.93015
 1.0 12.02915
 1.0 12.93057
 1.0 12.28488
 1.0 13.4024
 1.0 13.94156
 2.0 12.93207
 2.0 11.77045
 1.0 11.12882
 1.0 12.28895
 1.0 11.9387
 1.0 10.95622
 1.0 11.67539
 1.0 12.03354
 1.0 12.93402
 1.0 12.28807
 1.0 13.40472
 1.0 13.02311
 1.0 12.69248
 1.0 13.94538
 1.0 13.72205
 4.0 13.86384
 1.0 12.78757
 1.0 11.40942
 2.0 11.23917
 1.0 9.95886
 1.0 13.94001
 1.0 13.40036
 1.0 13.9394
 1.0 12.92908
 1.0 13.71514
 1.0 12.92928
 1.0 13.93977
 1.0 14.5124
 1.0 13.48799
 1.0 12.44131
 1.0 12.93315
 2.0 12.53917
 1.0 11.67444
 1.0 12.53897
 2.0 12.93295
 1.0 13.94279
 1.0 13.40389
 1.0 14.59491
 1.0 14.2997
 1.0 13.9438
 1.0 15.14462
 1.0 15.01714
 1.0 14.9394
 3.0 15.01824
 1.0 12.5423
 2.0 12.45025
 3.0 8.02211
 1.0 15.0364
 1.0 14.59071
 1.0 15.13891
 1.0 14.15949
 1.0 14.93304
 1.0 14.16006
 1.0 15.13998
 1.0 15.61928
 1.0 14.51277
 1.0 13.48798
 1.0 14.16399
 1.0 13.86139
 1.0 13.02477
 1.0 13.86101
 1.0 14.16361
 2.0 15.14258
 1.0 14.59471
 1.0 15.74492
 1.0 15.42133
 1.0 15.14333
 1.0 16.39841
 1.0 16.32845
 1.0 16.20908
 1.0 16.32947
 1.0 15.22367
 2.0 13.72427
 1.0 12.54452
 1.0 11.41162
 1.0 11.51416
 3.0 8.97973
 2.0 7.62507
 1.0 16.20257
 1.0 15.74068
 1.0 16.20221
 1.0 15.13799
 1.0 15.81481
 1.0 14.93192
 1.0 15.81514
 1.0 16.32212
 1.0 15.21562
 1.0 14.29599
 1.0 13.71635
 1.0 14.93565
 1.0 14.59601
 1.0 13.86021
 1.0 14.80694
 1.0 15.14166
 1.0 16.20546
 1.0 15.74421
 1.0 16.95389
 1.0 16.70044
 1.0 16.39689
 1.0 17.60683
 1.0 17.49746
 1.0 17.43079
 1.0 17.49857
 1.0 16.32946
 1.0 14.94164
 1.0 13.86605
 1.0 12.78975
 1.0 12.94156
 1.0 12.04164
 1.0 10.38204
 3.0 7.62726
 1.0 15.8384
 1.0 15.41627
 1.0 15.73997
 1.0 14.58937
 1.0 15.13743
 1.0 14.1581
 1.0 14.93154
 2.0 15.41697
 1.0 14.29462
 1.0 13.48532
 1.0 12.9295
 1.0 14.16164
 1.0 13.85919
 1.0 13.25882
 1.0 14.29967
 1.0 14.59261
 1.0 15.74279
 1.0 15.41934
 1.0 16.69893
 1.0 16.58258
 1.0 16.32453
 1.0 17.49508
 1.0 17.42967
 1.0 17.49635
 1.0 17.60809
 1.0 16.39958
 1.0 15.14589
 1.0 14.16951
 1.0 10.85612
 2.0 9.44216
 4.0 8.6272
 1.0 15.41663
 1.0 15.13725
 1.0 14.29499
 1.0 14.80203
 1.0 13.85536
 1.0 14.59217
 1.0 14.93339
 1.0 13.71511
 1.0 12.92927
 1.0 12.53561
 1.0 13.85897
 1.0 13.72056
 1.0 13.17258
 1.0 14.16476
 1.0 14.29849
 1.0 15.42003
 1.0 15.14074
 1.0 16.3945
 1.0 16.32334
 1.0 16.20547
 1.0 17.42854
 1.0 17.49649
 1.0 17.60682
 1.0 17.84881
 1.0 16.7044
 1.0 15.42509
 1.0 15.1468
 1.0 13.94736
 1.0 14.30551
 1.0 13.26492
 1.0 13.1777
 1.0 12.29509
 1.0 10.85433
 1.0 10.96234
 2.0 9.64506
 2.0 8.76048
 1.0 15.23848
 2.0 15.00786
 1.0 15.13687
 1.0 13.93716
 1.0 14.29478
 1.0 13.25396
 1.0 13.85534
 1.0 14.15925
 1.0 12.92797
 1.0 12.28217
 1.0 11.9324
 1.0 13.25732
 1.0 13.17172
 1.0 12.78338
 1.0 13.85938
 1.0 13.94016
 1.0 15.13944
 1.0 15.01082
 1.0 16.32196
 1.0 16.39315
 1.0 16.3235
 1.0 17.49394
 1.0 17.60586
 1.0 17.84647
 1.0 18.1282
 1.0 16.95697
 1.0 15.74771
 1.0 15.4249
 1.0 14.30337
 1.0 14.81089
 1.0 13.86463
 1.0 13.72467
 1.0 12.93983
 1.0 11.51247
 1.0 11.68111
 1.0 10.38042
 1.0 14.93043
 1.0 15.00894
 1.0 13.85456
 1.0 14.16002
 1.0 13.1679
 1.0 13.71707
 1.0 13.85694
 1.0 12.53425
 1.0 11.93193
 1.0 11.7711
 1.0 13.17129
 1.0 13.26189
 1.0 12.93609
 1.0 13.94451
 1.0 13.85777
 1.0 15.01172
 1.0 14.93379
 1.0 16.20306
 1.0 16.32214
 1.0 16.39484
 1.0 17.60459
 1.0 17.84677
 1.0 18.12682
 1.0 18.53036
 1.0 17.43091
 1.0 16.20904
 1.0 15.74842
 1.0 14.5985
 1.0 15.14735
 1.0 14.16872
 1.0 13.86484
 2.0 13.02886
 2.0 11.67922
 1.0 12.04047
 1.0 10.85508
 1.0 10.07729
 2.0 9.64477
 2.0 9.10755
 3.0 6.76222
 2.0 6.28876
 1.0 15.03268
 1.0 15.00747
 1.0 14.93042
 1.0 13.71326
 1.0 13.85474
 1.0 12.77877
 1.0 13.1683
 1.0 13.25519
 1.0 11.93074
 1.0 11.50059
 1.0 11.40204
 1.0 12.78182
 1.0 12.93542
 1.0 12.78465
 1.0 13.85995
 1.0 13.7159
 1.0 14.93265
 1.0 15.01025
 1.0 16.32093
 1.0 16.58021
 1.0 16.69841
 1.0 17.84412
 1.0 18.12604
 1.0 18.52795
 1.0 18.96398
 1.0 17.84784
 1.0 16.70321
 1.0 16.20869
 1.0 15.14531
 1.0 15.82288
 1.0 14.94086
 1.0 14.59985
 1.0 13.86464
 1.0 12.54318
 1.0 12.94046
 1.0 11.77988
 1.0 11.13732
 1.0 10.67495
 2.0 7.87457
 3.0 7.4723
 1.0 15.00711
 1.0 15.13649
 1.0 15.00893
 1.0 13.85514
 1.0 13.9401
 1.0 12.93176
 1.0 13.25892
 1.0 13.16957
 1.0 11.76966
 1.0 11.40131
 1.0 11.50609
 1.0 12.93477
 1.0 13.26333
 1.0 13.17506
 1.0 14.16589
 1.0 13.85795
 1.0 15.01133
 1.0 15.13961
 1.0 16.39245
 1.0 16.69692
 1.0 16.95223
 1.0 18.12466
 1.0 18.52839
 1.0 18.96253
 1.0 19.50852
 1.0 18.46754
 1.0 17.31897
 1.0 16.70371
 1.0 15.62426
 1.0 16.32944
 1.0 15.42599
 1.0 14.94088
 1.0 14.16853
 1.0 12.93854
 1.0 13.49767
 1.0 12.45201
 1.0 11.78013
 1.0 11.13683
 1.0 10.67496
 2.0 9.64478
 1.0 8.39842
 1.0 7.47044
 1.0 8.40074
 1.0 7.8774
 2.0 7.47417
 1.0 15.23699
 1.0 15.41514
 1.0 15.13683
 1.0 13.93831
 1.0 13.85571
 1.0 12.78048
 1.0 12.93259
 1.0 12.78005
 1.0 11.4003
 1.0 11.22895
 1.0 11.40372
 1.0 12.7831
 1.0 13.1746
 1.0 13.2625
 1.0 14.30134
 1.0 13.94051
 1.0 15.13867
 1.0 15.41767
 1.0 16.6959
 1.0 17.13141
 1.0 17.42501
 1.0 18.52569
 1.0 18.96192
 1.0 19.50609
 1.0 20.07605
 1.0 19.0254
 1.0 17.956
 1.0 17.31848
 1.0 16.32755
 1.0 17.13998
 1.0 16.32926
 1.0 15.82272
 1.0 15.14699
 1.0 13.94776
 1.0 14.52159
 1.0 13.49786
 1.0 12.94089
 1.0 12.29507
 1.0 11.94362
 1.0 10.96208
 1.0 9.64708
 3.0 9.1103
 2.0 8.9819
 1.0 8.7643
 1.0 14.15477
 1.0 14.29225
 1.0 13.93594
 1.0 12.68537
 1.0 12.53267
 1.0 11.40101
 1.0 11.50387
 1.0 11.40029
 1.0 10.06286
 1.0 9.94651
 1.0 10.06645
 1.0 11.40346
 1.0 11.77481
 1.0 11.93814
 1.0 13.023
 1.0 12.68713
 1.0 13.93734
 1.0 14.2942
 1.0 15.61465
 1.0 16.12759
 1.0 16.39176
 1.0 17.42419
 1.0 17.84377
 1.0 18.46302
 1.0 19.02335
 1.0 17.95443
 1.0 16.95496
 1.0 16.32583
 1.0 15.42235
 1.0 16.32737
 1.0 15.6239
 1.0 15.14495
 1.0 14.59793
 1.0 13.4076
 1.0 13.94794
 1.0 12.93893
 1.0 12.54383
 2.0 11.9415
 1.0 11.77871
 1.0 10.85406
 1.0 9.44009
 1.0 8.62525
 1.0 9.44245
 1.0 8.98034
 1.0 9.10939
 1.0 14.18267
 1.0 14.15633
 1.0 13.85236
 1.0 12.53137
 1.0 12.439
 1.0 11.22867
 1.0 11.40102
 1.0 11.5008
 1.0 10.25244
 1.0 10.06154
 1.0 9.94874
 1.0 11.23116
 1.0 11.40565
 1.0 11.50706
 1.0 12.69064
 1.0 12.53294
 1.0 13.85357
 1.0 14.15791
 1.0 15.54028
 1.0 16.00725
 1.0 16.12965
 1.0 17.13284
 1.0 17.42626
 1.0 18.01688
 1.0 18.46497
 1.0 17.31686
 1.0 16.32582
 1.0 15.81934
 1.0 14.93712
 1.0 15.82076
 1.0 15.14494
 1.0 14.80844
 1.0 14.30279
 1.0 13.02607
 1.0 13.40904
 1.0 12.29302
 1.0 11.51124
 1.0 11.41039
 1.0 10.37855
 1.0 8.97631
 1.0 8.01864
 1.0 8.6259
 2.0 8.02107
 1.0 8.25964
 1.0 8.02247
 1.0 6.58907
 1.0 13.24941
 1.0 13.16247
 1.0 12.77426
 1.0 11.39669
 1.0 11.22598
 1.0 9.94648
 1.0 10.06368
 1.0 10.25243
 1.0 9.08922
 1.0 8.96022
 1.0 8.74489
 1.0 9.94873
 1.0 10.06836
 1.0 10.25889
 1.0 11.50346
 1.0 11.39768
 1.0 12.77492
 2.0 13.16333
 1.0 14.5867
 1.0 15.13451
 1.0 15.21287
 1.0 16.12894
 1.0 16.39292
 1.0 17.0649
 1.0 17.49293
 1.0 16.3241
 1.0 15.42052
 1.0 14.93524
 1.0 14.16279
 1.0 15.14291
 1.0 14.59582
 1.0 14.30063
 1.0 13.94436
 1.0 12.69288
 1.0 13.02605
 1.0 11.93939
 1.0 11.77657
 1.0 11.40818
 1.0 11.51052
 1.0 10.56242
 1.0 9.10357
 1.0 8.75825
 1.0 8.25795
 2.0 8.75985
 1.0 7.20658
 1.0 11.7962
 1.0 11.76452
 1.0 11.39719
 1.0 10.0626
 1.0 9.94761
 1.0 8.74769
 1.0 8.96817
 1.0 9.09467
 2.0 7.85902
 1.0 7.60756
 1.0 7.45737
 1.0 8.75024
 1.0 8.9728
 1.0 9.10073
 1.0 10.25917
 1.0 10.064
 1.0 11.39817
 2.0 11.76571
 1.0 13.71109
 1.0 13.85358
 1.0 14.80147
 1.0 15.13996
 1.0 15.81583
 1.0 16.32428
 1.0 15.21884
 1.0 14.29942
 1.0 13.71813
 1.0 12.93268
 1.0 13.94333
 1.0 13.40488
 1.0 13.02328
 1.0 12.69201
 1.0 11.50688
 1.0 11.93846
 1.0 10.95697
 1.0 10.85071
 1.0 10.37505
 1.0 10.56083
 1.0 9.76018
 2.0 8.25389
 1.0 7.61995
 1.0 8.25625
 1.0 8.01933
 1.0 8.62526
 1.0 8.76049
 1.0 7.47045
 3.0 6.76223
 2.0 5.56742
 1.0 10.94332
 1.0 10.8379
 1.0 10.36325
 1.0 8.96171
 1.0 8.74392
 1.0 7.4551
 1.0 7.61114
 1.0 6.74334
 1.0 6.56757
 1.0 6.27016
 1.0 7.45735
 1.0 7.61585
 1.0 7.8653
 1.0 9.09587
 1.0 8.96235
 1.0 10.36353
 1.0 10.83817
 1.0 12.27811
 1.0 12.9237
 1.0 13.01517
 1.0 13.85276
 1.0 14.15904
 1.0 14.93151
 1.0 15.41871
 1.0 14.29765
 1.0 13.48853
 2.0 12.93073
 1.0 12.28529
 1.0 13.40278
 1.0 13.02176
 1.0 12.6898
 1.0 12.53673
 1.0 11.40378
 1.0 11.77325
 1.0 10.84864
 1.0 10.95596
 2.0 10.55871
 1.0 10.95597
 1.0 10.26248
 1.0 8.75411
 1.0 8.75634
 1.0 8.62396
 1.0 9.4401
 1.0 8.39843
 1.0 11.25825
 1.0 10.94508
 1.0 10.54874
 1.0 9.09013
 1.0 8.96206
 1.0 7.6079
 1.0 7.85973
 1.0 8.38256
 1.0 7.45154
 1.0 7.18582
 1.0 6.56968
 1.0 7.61011
 1.0 7.45959
 1.0 7.61298
 1.0 8.96606
 1.0 9.09045
 2.0 10.54875
 1.0 10.94484
 1.0 12.43529
 1.0 13.01372
 1.0 12.92563
 1.0 13.71249
 1.0 13.85476
 1.0 14.59028
 1.0 14.93337
 1.0 13.71628
 1.0 12.53493
 1.0 11.93309
 1.0 13.02112
 1.0 12.68979
 1.0 12.53607
 1.0 12.44352
 1.0 11.23221
 1.0 11.40475
 1.0 10.37289
 1.0 10.37291
 1.0 10.84868
 1.0 10.07093
 1.0 8.61945
 1.0 8.01448
 1.0 8.25356
 1.0 8.01656
 1.0 8.97539
 1.0 9.10542
 1.0 7.87246
 1.0 7.62289
 1.0 12.77324
 1.0 12.43616
 1.0 12.02407
 1.0 10.54873
 1.0 10.36354
 1.0 8.96143
 1.0 9.09074
 1.0 9.62693
 1.0 8.7396
 1.0 8.60536
 1.0 8.00204
 1.0 8.96331
 1.0 8.74805
 1.0 8.96668
 1.0 10.36781
 1.0 12.02386
 1.0 12.43573
 1.0 13.93383
 1.0 14.5063
 1.0 14.37372
 1.0 15.13669
 1.0 15.21504
 1.0 15.93675
 1.0 16.20386
 1.0 14.93448
 1.0 14.16179
 1.0 13.85737
 1.0 13.25712
 1.0 14.29906
 1.0 13.94255
 1.0 13.85881
 1.0 13.71879
 2.0 12.44464
 1.0 11.40622
 1.0 11.50834
 1.0 11.40624
 1.0 11.77494
 1.0 10.84997
 1.0 9.43598
 1.0 8.62075
 2.0 8.75572
 2.0 8.25526
 1.0 9.10451
 1.0 8.97696
 1.0 7.62217
 2.0 7.46859
 1.0 6.28479
 1.0 5.77181
 1.0 13.50967
 1.0 13.25024
 1.0 12.92456
 1.0 11.49747
 1.0 11.39623
 1.0 10.06125
 1.0 10.25271
 1.0 10.65828
 1.0 9.62521
 1.0 9.4216
 1.0 8.96147
 1.0 10.06347
 1.0 9.95097
 1.0 10.06703
 1.0 11.4011
 1.0 11.49821
 1.0 12.925
 1.0 13.25067
 1.0 14.7185
 1.0 15.21072
 1.0 15.13598
 1.0 16.00845
 1.0 16.13101
 1.0 16.76731
 1.0 17.06718
 1.0 15.8181
 1.0 14.93562
 1.0 14.5941
 2.0 13.85839
 1.0 14.80618
 1.0 14.30025
 1.0 14.16382
 1.0 13.85983
 1.0 12.53831
 1.0 12.69377
 1.0 11.50883
 1.0 11.40771
 1.0 11.2357
 1.0 11.40748
 1.0 10.37562
 1.0 8.97323
 1.0 8.01554
 1.0 8.2556
 1.0 7.62181
 1.0 8.25696
 1.0 8.02006
 2.0 6.58655
 2.0 6.28524
 1.0 4.97721
 1.0 5.20589
 1.0 4.31007
 2.0 5.20695
 4.0 4.97943
 2.0 3.836
 4.0 2.48804
 1.0 15.00419
 1.0 14.71867
 1.0 14.37198
 1.0 12.92455
 1.0 12.77362
 1.0 11.39573
 1.0 11.49745
 1.0 11.92545
 1.0 10.94106
 1.0 10.83465
 1.0 10.36276
 1.0 11.3977
 1.0 11.22995
 1.0 11.40158
 1.0 12.77862
 1.0 12.92499
 1.0 14.37218
 1.0 14.71887
 1.0 16.19742
 1.0 16.69278
 1.0 16.5782
 1.0 17.42311
 1.0 17.4917
 1.0 18.12329
 1.0 18.35906
 1.0 17.06815
 1.0 16.20594
 1.0 15.94043
 1.0 15.2189
 1.0 16.13516
 1.0 15.62268
 1.0 15.54781
 1.0 15.22057
 1.0 13.86084
 1.0 13.94637
 1.0 12.69509
 1.0 12.54186
 1.0 12.44802
 1.0 12.54166
 1.0 11.40871
 1.0 10.07318
 1.0 8.97449
 1.0 9.10514
 1.0 8.25731
 1.0 8.75893
 1.0 8.25866
 1.0 6.76104
 1.0 6.58657
 1.0 5.20538
 2.0 5.56545
 1.0 4.57103
 1.0 5.56593
 1.0 5.20641
 1.0 4.3107
 2.0 2.91683
 1.0 15.43432
 1.0 15.2083
 1.0 14.71563
 1.0 13.24769
 1.0 12.92152
 1.0 11.49454
 1.0 11.39279
 1.0 11.7584
 1.0 10.83078
 1.0 10.93828
 1.0 10.54506
 1.0 11.496
 1.0 11.39813
 1.0 11.76686
 1.0 13.16414
 1.0 13.2475
 1.0 14.71526
 1.0 15.20795
 1.0 16.68926
 1.0 17.30553
 1.0 17.24019
 1.0 18.01087
 1.0 18.12019
 1.0 18.85451
 1.0 19.12196
 1.0 17.84298
 1.0 17.06586
 1.0 16.76762
 1.0 16.1317
 1.0 17.13527
 1.0 16.70039
 1.0 16.58355
 1.0 16.32503
 1.0 15.01398
 1.0 15.14441
 1.0 13.94536
 1.0 13.86243
 1.0 13.72103
 1.0 13.86245
 1.0 12.78628
 1.0 11.40797
 1.0 10.37643
 1.0 10.5635
 1.0 9.76336
 1.0 10.26742
 1.0 9.76537
 1.0 8.259
 1.0 8.02077
 1.0 6.58699
 2.0 6.76144
 1.0 5.56595
 2.0 6.28613
 1.0 5.56643
 1.0 4.57223
 2.0 3.51942
 1.0 2.91779
 1.0 15.20466
 1.0 15.12988
 1.0 14.5819
 1.0 13.15864
 1.0 12.77009
 1.0 11.393
 1.0 11.22199
 1.0 11.39035
 1.0 10.3555
 1.0 10.54138
 1.0 10.36003
 1.0 11.39448
 1.0 11.50004
 1.0 11.93049
 1.0 13.25164
 1.0 13.15865
 1.0 14.58172
 1.0 15.12989
 1.0 16.57097
 1.0 17.23633
 1.0 17.30582
 1.0 18.11635
 1.0 18.35237
 1.0 19.11819
 1.0 19.50178
 1.0 18.29214
 1.0 17.4907
 1.0 17.0639
 1.0 16.39225
 1.0 17.42531
 1.0 16.95221
 1.0 16.69823
 1.0 16.39432
 1.0 15.14092
 1.0 15.42201
 1.0 14.30102
 1.0 14.16558
 1.0 13.86022
 1.0 13.94479
 1.0 12.93597
 1.0 11.50837
 1.0 10.56087
 1.0 10.95931
 1.0 10.26659
 1.0 10.67473
 1.0 10.26905
 1.0 8.76085
 1.0 8.25934
 1.0 6.76186
 2.0 6.58741
 1.0 5.20644
 1.0 5.56645
 1.0 4.57225
 1.0 3.51785
 2.0 2.91781
 1.0 13.73178
 1.0 13.70517
 1.0 13.15738
 1.0 11.75976
 1.0 11.39228
 1.0 10.05815
 1.0 9.9431
 2.0 10.05653
 1.0 8.95462
 1.0 9.08312
 1.0 8.95831
 1.0 10.05982
 1.0 10.25453
 1.0 10.66183
 1.0 11.9284
 1.0 11.76001
 1.0 13.15739
 1.0 13.70539
 1.0 15.12824
 1.0 15.80479
 1.0 15.92891
 1.0 16.75966
 1.0 17.05966
 1.0 17.83707
 1.0 18.28972
 1.0 17.13051
 1.0 16.3195
 1.0 15.81247
 1.0 15.13647
 1.0 16.2013
 1.0 15.74063
 1.0 15.41678
 1.0 15.13835
 1.0 13.93918
 1.0 14.29791
 1.0 13.25776
 1.0 13.1705
 1.0 12.78125
 1.0 12.03332
 1.0 10.55769
 1.0 9.75764
 1.0 10.26278
 1.0 9.76107
 1.0 10.26524
 1.0 10.0765
 1.0 8.6253
 1.0 8.01972
 1.0 6.58656
 1.0 6.2857
 1.0 4.97835
 1.0 5.20751
 1.0 4.31266
 2.0 2.48919
 1.0 1.52238
 1.0 2.48693
 1.0 13.70154
 1.0 13.84411
 1.0 13.24408
 1.0 11.92256
 1.0 11.49351
 1.0 10.24936
 1.0 10.0603
 1.0 9.94087
 1.0 8.73629
 1.0 8.9546
 1.0 9.08793
 1.0 10.251
 1.0 10.66282
 1.0 11.12471
 1.0 12.28026
 1.0 11.92304
 1.0 13.2443
 1.0 13.84473
 1.0 15.20316
 1.0 15.92508
 1.0 16.19272
 1.0 17.05591
 1.0 17.48449
 1.0 18.28608
 1.0 18.85181
 1.0 17.77335
 1.0 16.94739
 1.0 16.31762
 1.0 15.6139
 1.0 16.69469
 1.0 16.20027
 1.0 15.73852
 1.0 15.4157
 1.0 14.29461
 1.0 14.80279
 1.0 13.85718
 1.0 13.71736
 1.0 13.1684
 1.0 13.25737
 2.0 12.44421
 1.0 10.95321
 1.0 10.26062
 1.0 10.95677
 1.0 10.56245
 1.0 10.85513
 1.0 9.44162
 1.0 8.62595
 1.0 7.20584
 1.0 5.20752
 1.0 4.97947
 1.0 3.8375
 1.0 2.48809
 1.0 2.92068
 1.0 2.49029
 3.0 2.91684
 1.0 12.30118
 1.0 12.52138
 1.0 11.92048
 1.0 10.65348
 1.0 10.24775
 1.0 9.08969
 1.0 8.96376
 1.0 8.74195
 1.0 7.4484
 1.0 7.60094
 1.0 7.85611
 1.0 9.09153
 1.0 9.63365
 1.0 10.065
 1.0 11.12172
 1.0 10.65428
 1.0 11.92095
 1.0 12.52228
 1.0 13.84233
 1.0 14.57791
 1.0 14.92147
 1.0 15.8049
 1.0 16.3137
 1.0 17.12435
 1.0 17.77054
 1.0 16.76159
 2.0 15.93181
 1.0 15.20951
 1.0 14.50544
 1.0 15.61283
 1.0 15.13427
 1.0 14.58609
 1.0 14.29149
 1.0 13.25126
 1.0 13.85356
 1.0 13.01835
 1.0 12.92948
 1.0 12.28284
 1.0 12.44062
 1.0 11.76974
 1.0 10.25681
 1.0 9.75535
 1.0 10.55821
 1.0 10.37535
 1.0 10.85101
 1.0 10.96008
 1.0 8.75861
 1.0 7.46936
 1.0 5.56796
 1.0 5.20912
 1.0 4.3159
 1.0 2.92164
 1.0 3.52418
 2.0 2.92161
 1.0 2.48694
 1.0 2.91682
 1.0 11.75863
 1.0 11.9233
 1.0 11.49501
 1.0 10.25022
 1.0 10.06201
 1.0 8.96565
 1.0 9.09763
 1.0 8.96692
 1.0 7.60968
 1.0 7.4529
 1.0 7.61112
 1.0 8.96815
 1.0 9.43495
 1.0 9.63628
 1.0 10.66365
 1.0 10.25186
 1.0 11.49622
 1.0 11.92495
 1.0 13.24665
 1.0 13.84637
 1.0 14.1526
 1.0 15.1328
 1.0 15.61354
 1.0 16.31663
 1.0 16.94757
 1.0 15.93479
 1.0 15.0076
 1.0 14.2932
 1.0 13.48382
 1.0 14.50892
 1.0 13.93676
 1.0 13.39784
 1.0 13.01668
 1.0 11.92986
 1.0 12.5334
 1.0 11.66966
 1.0 11.50278
 1.0 10.84304
 1.0 10.95041
 1.0 10.25708
 1.0 8.74873
 1.0 8.24886
 1.0 9.099
 2.0 8.9723
 1.0 9.436
 1.0 9.64134
 1.0 8.39546
 1.0 7.46711
 1.0 6.28436
 2.0 4.57347
 1.0 4.31331
 1.0 3.8411
 1.0 2.49365
 2.0 2.92256
 1.0 2.49251
 2.0 2.48915
 1.0 3.83672
 1.0 4.31327
 1.0 10.39517
 1.0 10.65353
 1.0 10.24862
 1.0 9.08974
 1.0 8.96475
 1.0 8.01018
 1.0 8.25307
 1.0 8.01333
 1.0 6.57801
 1.0 6.27234
 1.0 6.57756
 1.0 8.01296
 1.0 8.62187
 1.0 8.75272
 1.0 9.6337
 1.0 9.09189
 1.0 10.25025
 1.0 10.65563
 1.0 11.92286
 1.0 12.52344
 1.0 12.92087
 1.0 13.93196
 1.0 14.50583
 1.0 15.20862
 1.0 15.932
 1.0 15.00611
 1.0 14.0728
 1.0 13.25017
 1.0 12.43521
 1.0 13.48196
 1.0 12.9243
 1.0 12.27853
 1.0 11.92659
 1.0 10.9448
 1.0 11.66584
 1.0 10.94732
 1.0 10.84097
 1.0 10.06181
 1.0 10.25327
 1.0 9.75107
 1.0 8.2448
 1.0 8.00858
 1.0 8.96794
 1.0 9.09899
 1.0 9.63728
 1.0 10.07233
 1.0 8.97447
 1.0 8.01692
 1.0 7.0404
 2.0 5.56844
 1.0 5.21071
 1.0 4.98616
 1.0 3.84327
 1.0 4.31716
 1.0 3.84108
 2.0 2.49028
 1.0 5.20907
 1.0 10.06046
 1.0 10.25109
 1.0 10.06373
 1.0 8.96664
 1.0 9.09953
 1.0 8.25412
 1.0 8.76003
 1.0 8.62581
 1.0 7.20458
 1.0 6.58184
 1.0 6.75885
 2.0 8.2575
 1.0 8.76098
 1.0 8.62385
 1.0 9.43589
 1.0 8.96976
 1.0 10.06622
 1.0 10.25409
 1.0 11.49894
 1.0 11.92686
 1.0 12.28014
 1.0 13.39826
 1.0 13.93816
 1.0 14.50855
 1.0 15.21394
 1.0 14.29535
 1.0 13.25354
 1.0 12.43947
 2.0 11.49987
 1.0 12.43859
 1.0 11.12283
 1.0 10.66011
 1.0 9.62919
 1.0 10.36647
 1.0 9.6309
 1.0 9.42741
 1.0 8.61106
 1.0 8.74523
 1.0 8.24447
 1.0 6.74699
 1.0 6.57427
 1.0 7.61229
 1.0 7.86468
 1.0 8.38914
 2.0 8.97167
 1.0 8.01483
 1.0 7.03723
 1.0 6.28301
 2.0 5.56493
 2.0 5.20855
 2.0 4.98279
 1.0 5.21496
 1.0 4.31973
 1.0 4.57891
 3.0 4.31714
 2.0 3.52414
 1.0 5.56892
 1.0 5.20748
 1.0 7.20851
 1.0 11.26142
 1.0 11.40132
 1.0 10.37097
 1.0 10.55969
 1.0 9.7612
 1.0 10.26831
 2.0 10.07717
 1.0 8.62515
 1.0 8.01648
 1.0 9.76463
 1.0 10.27021
 1.0 10.85218
 1.0 10.37446
 1.0 11.40425
 1.0 11.5035
 1.0 12.6872
 1.0 13.01713
 1.0 13.39994
 1.0 14.59202
 1.0 15.1409
 1.0 15.61822
 1.0 16.32347
 1.0 15.42055
 1.0 14.29809
 1.0 13.48941
 1.0 12.4424
 1.0 13.25694
 1.0 12.44197
 1.0 11.76999
 1.0 11.12635
 1.0 10.06598
 1.0 10.84561
 1.0 10.0679
 1.0 9.63468
 2.0 8.74906
 1.0 8.61495
 1.0 8.00964
 1.0 6.5764
 1.0 6.27638
 1.0 7.46188
 1.0 7.61779
 1.0 7.86752
 1.0 8.3938
 2.0 7.46636
 1.0 6.28258
 1.0 4.57163
 1.0 4.31328
 1.0 3.83963
 1.0 4.31908
 1.0 3.84396
 1.0 4.5789
 2.0 4.57769
 2.0 7.47231
 1.0 11.49528
 1.0 11.92586
 1.0 11.76566
 1.0 10.84294
 1.0 10.95358
 1.0 10.26288
 1.0 10.67451
 1.0 10.2664
 1.0 8.75779
 1.0 8.25311
 1.0 8.75748
 1.0 10.26614
 1.0 10.96267
 1.0 10.85341
 1.0 11.50848
 1.0 10.84654
 1.0 11.76873
 1.0 11.92982
 1.0 13.01474
 1.0 13.39433
 1.0 13.93478
 1.0 15.13557
 1.0 15.81336
 1.0 16.31835
 1.0 17.13104
 1.0 16.32105
 1.0 15.2143
 1.0 14.29497
 1.0 13.25335
 1.0 14.07601
 1.0 13.25316
 1.0 12.43861
 1.0 11.76597
 1.0 10.84125
 1.0 11.76832
 1.0 11.12632
 1.0 10.66374
 1.0 9.63208
 1.0 9.42891
 1.0 8.96703
 1.0 7.61267
 1.0 7.46077
 1.0 8.75255
 1.0 8.97354
 1.0 9.10207
 1.0 9.6422
 1.0 8.75859
 2.0 5.21123
 1.0 4.31717
 1.0 4.58257
 1.0 4.32037
 1.0 5.21388
 1.0 5.5729
 1.0 4.57647
 1.0 6.76345
 1.0 7.87599
 1.0 8.4014
 2.0 7.47305
 2.0 6.2892
 1.0 11.78815
 1.0 12.27216
 1.0 11.9228
 1.0 10.94344
 1.0 10.84034
 1.0 10.06607
 1.0 10.26094
 1.0 9.75603
 1.0 8.2487
 1.0 8.00708
 1.0 8.61673
 1.0 10.06884
 1.0 10.85004
 1.0 10.95431
 1.0 11.66955
 1.0 10.94624
 1.0 11.92512
 1.0 12.27533
 1.0 13.38952
 1.0 13.927
 1.0 14.50126
 1.0 15.60856
 1.0 16.31439
 1.0 16.94234
 1.0 17.77026
 1.0 16.94543
 1.0 15.93148
 1.0 15.00428
 1.0 14.07124
 1.0 15.00467
 1.0 14.29051
 1.0 13.48096
 1.0 12.92369
 1.0 12.02405
 1.0 12.92647
 1.0 12.28238
 1.0 11.93078
 1.0 10.9476
 1.0 10.84176
 1.0 10.36863
 1.0 8.9664
 1.0 8.75032
 1.0 9.95326
 1.0 10.07205
 1.0 10.26332
 1.0 10.67341
 1.0 9.64393
 1.0 8.39777
 1.0 7.47083
 1.0 6.2879
 1.0 5.57093
 1.0 4.57894
 1.0 4.32104
 1.0 3.84398
 1.0 4.98502
 1.0 5.21174
 2.0 5.20693
 2.0 6.58694
 1.0 7.20657
 1.0 6.58737
 2.0 7.87669
 1.0 12.26741
 1.0 12.9148
 1.0 12.52201
 1.0 11.66097
 1.0 11.49756
 1.0 10.84336
 1.0 10.9545
 1.0 10.25851
 1.0 8.7495
 1.0 8.61221
 1.0 9.43198
 1.0 10.84593
 1.0 11.77426
 1.0 11.93529
 1.0 12.53239
 1.0 11.66384
 1.0 12.52444
 1.0 12.91824
 1.0 13.92497
 1.0 14.4959
 1.0 15.20242
 1.0 16.30928
 1.0 17.12256
 1.0 17.76541
 1.0 18.68171
 1.0 17.94263
 1.0 16.94281
 2.0 15.92852
 1.0 15.0015
 1.0 15.92906
 1.0 15.20754
 1.0 14.2874
 1.0 13.70661
 1.0 12.9226
 1.0 13.93437
 1.0 13.39762
 1.0 13.01687
 1.0 11.92846
 1.0 11.76596
 1.0 11.40039
 1.0 10.06514
 1.0 9.95215
 1.0 11.23396
 1.0 11.4082
 1.0 11.51054
 1.0 11.9434
 1.0 10.96261
 1.0 9.64566
 1.0 8.7624
 1.0 7.47307
 1.0 6.76718
 1.0 5.57394
 1.0 5.21765
 2.0 4.98726
 1.0 6.29319
 1.0 6.59243
 2.0 5.77276
 1.0 8.02002
 1.0 8.62719
 1.0 8.98066
 1.0 7.87739
 1.0 11.24607
 1.0 12.0129
 1.0 11.6572
 1.0 10.9419
 1.0 10.84032
 1.0 10.37085
 1.0 10.56167
 1.0 9.7597
 1.0 8.25372
 1.0 8.01051
 1.0 8.97181
 1.0 10.37354
 1.0 11.40799
 1.0 11.506
 1.0 11.93065
 1.0 10.9452
 1.0 11.66005
 1.0 12.01683
 1.0 12.91397
 1.0 13.46941
 1.0 14.28077
 1.0 15.40339
 1.0 16.30911
 1.0 16.93643
 1.0 17.93801
 1.0 17.30206
 1.0 16.31047
 1.0 15.20368
 1.0 14.28387
 1.0 15.20352
 1.0 14.49934
 1.0 13.47415
 1.0 12.9168
 1.0 12.27288
 1.0 13.3914
 1.0 13.01217
 1.0 12.68104
 1.0 11.49432
 1.0 11.39381
 1.0 11.22529
 1.0 9.94544
 1.0 10.06515
 1.0 11.40161
 1.0 11.77282
 1.0 11.9371
 1.0 12.54208
 1.0 10.3791
 1.0 9.64537
 1.0 8.4001
 1.0 7.87883
 1.0 6.76842
 1.0 6.59795
 1.0 6.29497
 1.0 7.47641
 1.0 7.62872
 1.0 6.58822
 1.0 7.20503
 1.0 8.62461
 1.0 9.44187
 1.0 8.97818
 2.0 10.07868
 1.0 10.27063
 1.0 10.04412
 1.0 10.824
 1.0 10.35326
 1.0 9.62157
 1.0 9.42404
 1.0 8.96683
 1.0 9.10214
 1.0 8.25304
 1.0 6.75589
 1.0 6.57499
 1.0 7.61506
 1.0 8.96932
 1.0 10.07047
 1.0 10.25691
 1.0 10.65865
 1.0 9.62446
 1.0 10.35567
 1.0 10.82734
 1.0 11.74939
 1.0 12.4196
 1.0 13.23614
 1.0 14.27803
 1.0 15.19928
 1.0 15.9191
 1.0 16.93461
 1.0 16.30705
 1.0 15.40283
 1.0 14.28036
 1.0 13.47082
 1.0 14.4955
 1.0 13.92339
 1.0 12.91292
 1.0 12.51766
 1.0 11.91727
 1.0 13.00619
 1.0 12.67665
 1.0 12.52386
 1.0 11.3894
 1.0 11.4924
 1.0 11.39357
 1.0 10.05852
 1.0 10.25275
 1.0 11.49965
 1.0 11.9329
 1.0 12.28604
 1.0 12.93467
 1.0 12.03587
 1.0 10.85126
 1.0 8.40109
 1.0 7.47531
 1.0 7.21509
 1.0 6.59499
 1.0 7.6291
 1.0 6.28568
 1.0 6.58484
 1.0 8.01691
 1.0 8.97694
 1.0 8.75795
 1.0 9.96109
 1.0 10.07867
 1.0 8.98065
 1.0 7.62543
 2.0 6.5899
 2.0 5.20854
 3.0 4.98054
 5.0 4.31265
 1.0 10.67444
 1.0 11.47975
 1.0 10.82397
 1.0 10.05037
 1.0 9.6224
 1.0 9.09116
 1.0 8.96866
 1.0 8.00839
 1.0 6.57412
 1.0 6.74276
 1.0 7.86029
 1.0 9.09301
 1.0 10.25715
 1.0 10.66097
 1.0 11.11719
 1.0 10.05231
 1.0 10.82551
 1.0 11.48217
 1.0 12.41733
 1.0 13.23048
 1.0 14.05544
 1.0 14.9887
 1.0 15.91785
 1.0 16.74619
 1.0 17.75834
 1.0 17.11605
 1.0 16.30483
 1.0 15.19763
 1.0 14.49356
 1.0 15.60054
 1.0 15.12214
 1.0 14.14218
 1.0 13.83873
 1.0 13.24014
 1.0 14.28292
 1.0 13.92838
 1.0 13.84595
 1.0 12.76796
 1.0 12.92047
 1.0 12.77255
 1.0 11.39479
 1.0 11.4999
 1.0 12.68588
 1.0 13.02096
 1.0 13.40368
 1.0 13.94559
 1.0 12.93748
 1.0 11.77756
 1.0 10.85435
 1.0 9.76507
 1.0 8.98162
 1.0 8.02597
 1.0 7.47904
 1.0 6.76884
 1.0 7.87954
 1.0 6.75853
 2.0 9.10603
 2.0 8.97726
 2.0 10.07813
 1.0 9.96332
 1.0 8.7627
 2.0 7.47193
 3.0 5.20962
 2.0 5.20963
 2.0 5.57043
 1.0 4.57649
 1.0 9.72424
 1.0 10.52811
 1.0 9.7296
 1.0 8.94798
 1.0 8.37242
 1.0 7.8553
 1.0 7.61208
 1.0 6.57284
 1.0 5.19078
 1.0 5.54383
 1.0 6.7444
 1.0 7.85673
 1.0 9.0933
 1.0 9.62701
 1.0 10.05312
 1.0 8.94924
 1.0 9.73046
 1.0 10.5297
 1.0 11.47495
 1.0 12.41266
 1.0 13.22942
 1.0 14.05226
 1.0 14.9872
 1.0 15.9128
 1.0 16.92851
 1.0 16.30106
 1.0 15.59712
 1.0 14.48971
 1.0 13.91777
 1.0 15.11809
 1.0 14.78229
 1.0 13.8347
 1.0 13.69545
 1.0 13.14938
 1.0 14.14355
 1.0 13.84152
 1.0 13.9268
 1.0 12.91616
 1.0 13.24394
 1.0 13.15869
 1.0 11.76054
 1.0 11.92755
 1.0 13.01476
 1.0 13.39953
 1.0 13.9398
 1.0 14.51511
 1.0 13.49234
 1.0 12.44758
 1.0 11.51104
 1.0 10.56457
 1.0 9.76621
 1.0 8.98287
 1.0 8.40641
 1.0 7.47607
 1.0 8.40243
 1.0 7.87601
 1.0 6.75979
 1.0 6.58275
 1.0 8.01519
 1.0 8.97572
 2.0 9.10452
 1.0 10.26739
 1.0 8.98035
 1.0 5.56893
 2.0 4.57407
 2.0 5.56894
 2.0 6.28966
 1.0 9.11432
 1.0 9.73107
 1.0 8.94742
 1.0 7.99251
 1.0 7.44646
 1.0 6.74394
 1.0 6.57703
 1.0 5.7596
 1.0 4.29576
 1.0 4.54964
 1.0 5.5493
 1.0 6.7456
 1.0 7.86166
 1.0 8.38169
 1.0 8.95635
 1.0 7.99357
 1.0 8.94804
 1.0 9.73222
 1.0 10.82098
 1.0 11.74517
 1.0 12.41914
 1.0 13.23445
 1.0 14.05858
 1.0 14.99001
 1.0 15.91856
 1.0 15.19798
 1.0 14.49354
 1.0 13.46854
 1.0 12.91095
 1.0 14.14197
 1.0 13.83811
 1.0 13.00129
 1.0 12.91273
 1.0 12.26814
 1.0 13.15233
 1.0 12.76556
 1.0 12.91767
 1.0 12.01644
 1.0 12.43014
 1.0 12.27541
 1.0 10.83486
 1.0 10.94434
 1.0 11.92639
 1.0 12.2813
 1.0 12.92824
 1.0 13.48843
 1.0 12.44356
 1.0 11.50646
 1.0 10.55983
 1.0 9.76081
 1.0 8.97729
 1.0 8.40013
 1.0 7.87957
 1.0 6.76556
 1.0 7.47159
 1.0 6.76143
 1.0 5.56346
 1.0 5.20109
 1.0 6.58064
 2.0 7.61962
 1.0 7.86965
 1.0 8.02038
 2.0 4.31135
 1.0 4.57345
 2.0 3.51943
 1.0 4.57408
 1.0 8.36893
 1.0 8.94993
 1.0 8.37384
 1.0 7.44836
 1.0 7.19062
 1.0 6.57791
 1.0 6.76038
 1.0 6.09747
 1.0 4.57151
 1.0 4.29966
 1.0 5.1988
 1.0 6.58046
 1.0 7.61905
 1.0 7.86382
 1.0 8.38273
 1.0 7.45061
 1.0 8.37551
 1.0 8.95211
 1.0 10.04912
 1.0 10.82511
 1.0 11.48538
 1.0 12.42562
 1.0 13.24137
 1.0 14.06177
 1.0 14.99594
 1.0 14.28268
 1.0 13.47267
 1.0 12.42605
 1.0 11.75293
 1.0 12.9142
 1.0 12.51832
 1.0 11.65348
 1.0 11.48661
 1.0 10.82818
 1.0 11.75461
 1.0 11.38794
 1.0 11.49022
 1.0 10.54083
 1.0 10.93874
 1.0 10.83383
 1.0 9.42008
 1.0 9.62605
 1.0 10.65672
 1.0 11.12186
 1.0 11.76599
 1.0 12.44087
 1.0 11.50379
 1.0 10.55666
 1.0 9.75766
 1.0 8.97356
 1.0 8.39647
 1.0 7.87532
 1.0 7.62912
 1.0 6.59162
 1.0 7.20737
 2.0 6.58781
 1.0 5.20483
 1.0 4.97497
 1.0 6.28081
 1.0 7.46635
 1.0 8.97571
 1.0 8.25862
 1.0 6.76099
 1.0 6.09943
 1.0 4.57343
 1.0 9.45748
 1.0 10.05348
 1.0 9.62479
 1.0 8.74321
 1.0 8.61479
 1.0 8.01429
 1.0 8.25874
 1.0 7.62343
 1.0 6.09745
 1.0 5.76445
 1.0 6.58341
 1.0 8.01707
 1.0 8.97736
 1.0 9.10188
 1.0 9.63454
 1.0 8.74608
 1.0 9.6271
 1.0 11.11431
 1.0 11.75533
 1.0 12.42942
 1.0 13.47701
 1.0 14.28775
 1.0 15.00003
 1.0 15.20805
 1.0 14.28794
 1.0 13.24661
 1.0 12.43142
 1.0 13.47785
 1.0 12.92002
 1.0 12.01897
 1.0 11.6592
 1.0 10.9405
 1.0 11.92426
 1.0 11.49576
 1.0 11.39453
 1.0 10.36112
 1.0 10.54716
 1.0 10.36382
 1.0 8.96176
 1.0 9.09321
 1.0 10.25492
 1.0 10.66507
 1.0 11.12785
 1.0 11.77354
 1.0 10.84973
 1.0 9.75965
 1.0 8.97541
 2.0 8.01867
 1.0 7.47084
 1.0 6.76473
 1.0 6.59415
 1.0 5.77808
 1.0 6.5916
 1.0 6.28964
 1.0 6.5861
 1.0 7.62397
 1.0 8.97972
 1.0 5.77371
 1.0 4.31261
 1.0 3.83744
 3.0 2.92065
 1.0 3.52258
 1.0 9.08951
 1.0 9.62742
 1.0 9.42913
 1.0 8.61676
 1.0 8.75653
 1.0 8.25978
 1.0 8.76694
 1.0 8.26618
 1.0 6.76987
 1.0 6.10113
 1.0 6.76617
 1.0 8.26315
 1.0 9.11285
 1.0 8.97987
 1.0 9.4385
 1.0 8.62064
 1.0 9.43237
 1.0 9.63146
 1.0 10.65957
 1.0 11.11885
 1.0 11.76336
 1.0 12.92603
 1.0 13.71266
 1.0 14.29129
 1.0 15.21192
 1.0 14.5089
 1.0 13.4834
 1.0 12.43723
 1.0 11.49721
 1.0 12.43546
 1.0 11.76217
 1.0 10.83664
 1.0 10.36087
 1.0 9.62516
 1.0 10.65749
 1.0 10.2511
 1.0 10.05989
 1.0 8.95959
 1.0 9.08832
 1.0 8.96115
 1.0 7.60683
 1.0 7.85975
 1.0 9.09381
 1.0 9.63411
 1.0 10.06654
 1.0 10.84716
 1.0 10.07068
 1.0 8.39446
 1.0 7.4671
 1.0 7.2062
 1.0 6.76799
 1.0 6.1049
 1.0 6.76592
 2.0 6.59157
 1.0 5.20959
 1.0 5.56939
 1.0 6.76221
 1.0 7.87526
 1.0 7.62324
 1.0 8.97848
 1.0 9.44303
 1.0 8.62782
 1.0 6.58946
 1.0 5.20905
 1.0 4.31325
 1.0 2.91966
 1.0 2.91777
 1.0 3.51941
 1.0 10.40342
 1.0 10.94831
 1.0 10.84577
 1.0 10.07081
 1.0 10.26613
 1.0 9.76683
 1.0 10.27474
 1.0 9.7711
 1.0 8.26549
 1.0 7.62709
 1.0 8.26449
 1.0 9.77025
 1.0 10.57327
 1.0 10.38507
 1.0 10.85571
 1.0 10.07495
 1.0 10.84935
 1.0 10.95288
 1.0 11.93216
 1.0 12.28171
 1.0 12.92904
 1.0 14.16062
 1.0 14.93486
 1.0 15.41802
 1.0 16.32327
 1.0 15.62066
 1.0 14.5135
 1.0 13.48918
 1.0 12.44193
 1.0 13.25608
 1.0 12.44083
 1.0 11.50182
 1.0 10.84203
 1.0 10.06459
 1.0 11.12682
 1.0 10.66581
 1.0 10.25761
 1.0 9.09533
 1.0 8.9661
 1.0 7.45964
 1.0 7.61632
 1.0 8.97229
 1.0 9.43775
 1.0 9.64017
 1.0 10.37829
 1.0 9.64392
 1.0 8.39743
 2.0 6.76306
 1.0 6.59159
 1.0 5.77711
 1.0 6.10673
 1.0 5.78045
 1.0 6.59453
 1.0 6.76877
 2.0 5.57238
 1.0 6.29182
 1.0 7.47413
 2.0 8.4027
 1.0 7.87667
 1.0 9.10998
 1.0 9.6485
 1.0 8.76331
 2.0 7.47339
 2.0 6.76467
 1.0 5.56988
 1.0 4.57706
 1.0 3.52412
 1.0 2.92442
 1.0 1.52417
 1.0 2.48914
 1.0 2.48582
 1.0 11.49985
 1.0 11.93096
 1.0 11.77035
 1.0 10.84778
 1.0 10.95786
 1.0 10.26718
 1.0 10.67812
 1.0 10.26934
 1.0 8.76061
 1.0 8.25678
 1.0 8.76189
 1.0 10.27043
 1.0 10.96746
 1.0 10.85876
 1.0 11.51376
 1.0 10.85137
 1.0 11.77342
 1.0 11.93492
 1.0 13.01962
 1.0 13.3995
 1.0 13.94035
 1.0 15.14105
 1.0 15.81914
 1.0 16.32429
 1.0 17.13719
 1.0 16.32733
 1.0 15.22067
 1.0 14.30118
 1.0 13.25963
 1.0 14.08232
 1.0 13.25944
 1.0 11.77188
 1.0 10.8474
 1.0 11.77469
 1.0 11.13281
 1.0 10.67
 1.0 9.63814
 1.0 9.43452
 1.0 8.97262
 1.0 7.61851
 1.0 8.75827
 1.0 8.97881
 1.0 9.10666
 1.0 9.64624
 1.0 8.76241
 1.0 7.47195
 1.0 6.76512
 1.0 5.21229
 1.0 4.31652
 1.0 4.58073
 1.0 4.3197
 1.0 5.21493
 1.0 5.57487
 1.0 4.57948
 1.0 5.57336
 1.0 6.76753
 1.0 7.47562
 1.0 6.76549
 1.0 7.87809
 1.0 6.29006
 1.0 5.56938
 1.0 4.57584
 1.0 3.52411
 2.0 2.92347
 1.0 2.49695
 2.0 1.53145
 1.0 0.00669
 1.0 2.48581
 1.0 2.91685
 1.0 3.521
 1.0 11.79096
 1.0 12.27553
 1.0 11.9258
 1.0 10.94671
 1.0 10.84314
 1.0 10.06908
 1.0 10.26335
 1.0 9.75771
 1.0 8.25036
 1.0 8.00948
 1.0 8.61993
 1.0 10.07185
 1.0 10.8536
 1.0 10.95834
 1.0 11.67334
 1.0 10.94951
 1.0 11.92813
 1.0 12.2787
 1.0 13.39261
 1.0 13.93037
 1.0 14.50507
 1.0 15.61228
 1.0 16.31846
 1.0 16.94658
 1.0 17.77477
 1.0 16.95017
 1.0 15.93635
 1.0 15.00889
 1.0 14.07597
 1.0 15.00947
 1.0 14.29536
 1.0 13.48549
 1.0 12.9282
 1.0 12.0289
 1.0 12.93162
 1.0 12.2878
 1.0 11.93614
 1.0 10.95268
 1.0 10.84664
 1.0 10.37373
 1.0 9.95884
 1.0 10.07757
 1.0 10.26848
 1.0 10.67836
 1.0 9.64883
 1.0 8.40241
 1.0 7.4753
 2.0 6.29188
 1.0 5.57443
 1.0 4.58137
 1.0 4.32232
 1.0 3.84614
 1.0 4.98835
 1.0 5.21545
 1.0 4.31647
 1.0 5.21117
 1.0 6.59156
 1.0 7.21079
 1.0 7.62906
 1.0 7.87949
 1.0 6.76631
 1.0 5.57138
 1.0 4.57645
 1.0 3.52253
 1.0 2.92634
 4.0 2.49697
 1.0 1.52967
 2.0 0.0059
 1.0 2.48807
 1.0 12.26875
 1.0 12.91671
 1.0 12.52354
 1.0 11.66286
 1.0 11.49899
 1.0 10.84513
 1.0 10.95574
 1.0 10.25903
 1.0 8.75012
 1.0 8.61348
 1.0 9.43402
 1.0 10.8477
 1.0 11.7766
 1.0 11.93806
 1.0 12.5348
 1.0 11.66572
 1.0 12.52597
 1.0 12.92016
 1.0 13.92654
 1.0 14.49779
 1.0 15.20477
 1.0 16.31147
 1.0 17.12514
 1.0 17.7682
 1.0 18.68481
 1.0 17.94602
 1.0 16.94639
 1.0 15.005
 1.0 15.9327
 1.0 15.21136
 1.0 14.29088
 1.0 13.71024
 1.0 12.92667
 1.0 13.93874
 1.0 13.40238
 1.0 13.02177
 1.0 11.9331
 1.0 11.77068
 1.0 11.4055
 1.0 10.07037
 1.0 9.95772
 1.0 11.23964
 1.0 11.41404
 1.0 11.51633
 1.0 11.94921
 1.0 10.96843
 1.0 9.65142
 1.0 8.76811
 1.0 7.47864
 1.0 6.77252
 1.0 5.57893
 1.0 5.2219
 1.0 4.9917
 1.0 6.29803
 1.0 6.59705
 1.0 5.77755
 1.0 6.59113
 1.0 8.0245
 1.0 8.63168
 1.0 8.0259
 1.0 8.98528
 1.0 9.11424
 1.0 7.8809
 1.0 6.76795
 1.0 4.57766
 1.0 3.84178
 1.0 4.31971
 2.0 3.84541
 1.0 12.78708
 1.0 13.46808
 1.0 12.91238
 1.0 12.01604
 1.0 11.65901
 1.0 10.94511
 1.0 10.84202
 1.0 10.06022
 1.0 8.60765
 1.0 8.73936
 1.0 9.63017
 1.0 10.94714
 1.0 11.9336
 1.0 12.28401
 1.0 12.92394
 1.0 12.01813
 1.0 12.91409
 1.0 13.47077
 1.0 14.49162
 1.0 15.19545
 1.0 15.9203
 1.0 16.93407
 1.0 17.763
 1.0 18.51
 1.0 19.43163
 1.0 18.68135
 1.0 17.76754
 1.0 16.75627
 1.0 15.92709
 1.0 16.94197
 1.0 16.31371
 1.0 15.40862
 1.0 14.92445
 1.0 14.15395
 1.0 15.13536
 1.0 14.59045
 1.0 14.29672
 1.0 13.25418
 1.0 13.16796
 1.0 12.78276
 1.0 11.40476
 1.0 11.23741
 1.0 12.45021
 1.0 12.54694
 1.0 12.7021
 1.0 13.03718
 1.0 11.95131
 1.0 10.68304
 1.0 9.65401
 1.0 8.40837
 1.0 7.482
 1.0 6.29985
 1.0 5.58343
 1.0 5.22083
 1.0 6.60003
 1.0 6.77126
 1.0 6.10307
 1.0 6.76343
 1.0 8.26128
 1.0 8.7649
 1.0 8.26432
 1.0 9.11486
 1.0 8.98652
 1.0 7.63198
 1.0 6.59452
 1.0 5.21386
 1.0 4.31648
 1.0 4.58072
 1.0 5.21495
 1.0 4.98836
 1.0 3.8447
 1.0 1.52966
 1.0 2.49252
 1.0 2.48692
 1.0 3.83527
 1.0 13.91856
 1.0 14.4939
 1.0 13.9227
 1.0 12.91666
 1.0 12.52259
 1.0 11.6628
 1.0 11.49796
 1.0 10.83488
 1.0 9.41929
 1.0 9.62184
 1.0 10.36391
 1.0 11.66471
 1.0 12.53408
 1.0 12.92909
 1.0 13.70949
 1.0 12.91838
 1.0 13.92409
 1.0 14.4962
 1.0 15.59945
 1.0 16.30366
 1.0 16.93607
 1.0 17.93579
 1.0 18.67943
 1.0 19.43165
 1.0 20.27373
 1.0 19.43634
 1.0 18.51795
 1.0 17.59375
 1.0 16.75977
 1.0 17.77133
 1.0 17.12826
 1.0 16.31577
 1.0 15.81038
 1.0 14.93004
 1.0 15.81511
 1.0 15.14142
 1.0 14.80635
 1.0 13.85798
 1.0 13.71918
 1.0 13.17431
 1.0 11.77564
 1.0 11.41136
 1.0 12.5465
 1.0 12.45693
 1.0 12.55162
 1.0 12.70869
 1.0 11.52432
 1.0 10.27823
 1.0 9.11857
 1.0 7.88591
 1.0 6.775
 1.0 5.58095
 1.0 4.58989
 1.0 4.3249
 1.0 5.78529
 1.0 6.10854
 1.0 5.77661
 1.0 6.58945
 1.0 8.02416
 1.0 8.26466
 1.0 7.63089
 1.0 8.26769
 1.0 8.02937
 2.0 6.59579
 1.0 5.77949
 1.0 4.31777
 1.0 3.84033
 1.0 4.31907
 1.0 4.57892
 2.0 5.57492
 1.0 5.21656
 1.0 4.31974
 1.0 2.92541
 1.0 2.49253
 2.0 3.83964
 1.0 4.31393
 1.0 3.83528
 1.0 5.20694
 1.0 15.01798
 1.0 15.60298
 1.0 15.12499
 1.0 14.14971
 1.0 13.84678
 1.0 13.01497
 1.0 12.92732
 1.0 12.27765
 1.0 10.83567
 1.0 10.94213
 1.0 11.6676
 1.0 13.01711
 1.0 14.16244
 1.0 14.93027
 1.0 14.15187
 1.0 15.12682
 1.0 15.60583
 1.0 16.68216
 1.0 17.29805
 1.0 17.93922
 1.0 19.00882
 1.0 19.75185
 1.0 20.42707
 1.0 21.26669
 1.0 20.43208
 1.0 19.44108
 1.0 18.52066
 1.0 17.59851
 1.0 18.52309
 1.0 17.77651
 1.0 16.9489
 1.0 16.3209
 1.0 15.41947
 1.0 16.32617
 1.0 15.62495
 1.0 15.14751
 1.0 14.16673
 1.0 13.86402
 1.0 13.2668
 1.0 11.9436
 1.0 11.51753
 1.0 12.70516
 1.0 12.55516
 1.0 12.46365
 1.0 12.56028
 1.0 11.42796
 1.0 10.0925
 1.0 8.99462
 1.0 7.64005
 1.0 6.6047
 1.0 5.2246
 1.0 4.33072
 1.0 4.58804
 1.0 6.11403
 1.0 6.77372
 1.0 6.59411
 1.0 7.62832
 1.0 8.98465
 1.0 9.11547
 1.0 8.26803
 1.0 8.77126
 1.0 8.63685
 1.0 7.21543
 1.0 6.59622
 1.0 5.21387
 1.0 4.98388
 1.0 5.21548
 1.0 5.57341
 1.0 6.2954
 1.0 5.57741
 1.0 4.58196
 1.0 3.52732
 2.0 4.31459
 3.0 6.28611
 2.0 6.5878
 1.0 6.28877
 1.0 16.18529
 1.0 16.68365
 1.0 16.18902
 1.0 15.12865
 1.0 14.79268
 1.0 13.84998
 1.0 13.71044
 1.0 13.15805
 1.0 11.75799
 1.0 11.92228
 1.0 12.53038
 1.0 13.85199
 1.0 14.59296
 1.0 14.93473
 1.0 15.81271
 1.0 15.13049
 1.0 16.19056
 1.0 16.68615
 1.0 17.82799
 1.0 18.44823
 1.0 19.01046
 1.0 20.06171
 1.0 20.73016
 1.0 21.41123
 1.0 22.17916
 1.0 21.271
 1.0 20.28279
 1.0 19.44195
 1.0 18.52383
 1.0 19.44484
 1.0 18.69363
 1.0 17.95135
 1.0 17.31496
 1.0 16.32602
 1.0 17.14029
 1.0 16.3318
 1.0 15.82675
 1.0 14.94235
 1.0 14.60271
 1.0 13.87006
 1.0 12.54806
 1.0 11.94991
 1.0 13.03974
 1.0 12.71175
 1.0 12.55984
 1.0 12.47038
 1.0 11.25973
 1.0 9.97899
 1.0 8.7783
 1.0 7.48761
 1.0 6.30472
 1.0 4.99623
 1.0 3.85417
 1.0 4.32491
 1.0 5.78771
 1.0 6.59961
 1.0 6.76839
 1.0 7.87879
 1.0 9.11425
 1.0 8.98776
 1.0 8.03111
 1.0 8.27141
 1.0 8.03215
 1.0 6.59749
 1.0 6.29538
 2.0 4.98501
 1.0 5.21175
 1.0 6.29276
 1.0 7.05146
 1.0 6.2963
 1.0 5.57493
 2.0 4.57954
 1.0 5.77519
 1.0 7.4697
 1.0 15.82479
 1.0 16.19096
 1.0 15.72996
 1.0 14.58257
 1.0 14.28786
 1.0 13.25027
 1.0 13.16313
 1.0 12.77041
 1.0 11.39025
 1.0 11.49254
 1.0 11.92858
 1.0 13.25237
 1.0 13.85803
 1.0 14.16287
 1.0 15.13785
 1.0 14.58429
 1.0 15.73137
 1.0 16.19319
 1.0 17.41267
 1.0 18.00421
 1.0 18.45412
 1.0 19.49606
 1.0 20.06754
 1.0 20.73302
 1.0 21.4167
 1.0 20.43646
 1.0 19.4454
 1.0 18.69167
 1.0 17.77808
 1.0 18.69422
 1.0 17.95446
 1.0 17.31528
 1.0 16.70073
 1.0 15.62303
 1.0 16.33011
 1.0 15.42868
 1.0 14.94459
 1.0 14.1699
 1.0 13.86686
 1.0 13.03314
 1.0 11.68304
 1.0 10.96693
 1.0 11.95202
 1.0 11.52554
 1.0 11.4253
 1.0 11.25752
 1.0 9.97788
 1.0 8.77577
 1.0 7.48649
 1.0 6.30164
 1.0 4.99511
 1.0 3.84984
 1.0 2.50375
 1.0 2.92925
 1.0 4.32619
 1.0 5.21868
 2.0 5.57291
 1.0 6.76632
 1.0 7.88162
 1.0 7.63344
 1.0 6.59791
 1.0 6.77414
 1.0 6.59875
 2.0 5.21654
 1.0 4.98724
 1.0 3.84035
 1.0 5.57194
 1.0 6.29365
 1.0 5.57444
 1.0 5.21232
 2.0 4.3146
 1.0 6.09947
 2.0 6.76225
 1.0 6.58612
 1.0 7.6229
 1.0 6.58697
 1.0 7.20659
 1.0 5.20803
 1.0 14.78473
 1.0 15.1245
 1.0 14.57707
 1.0 13.38902
 1.0 13.00821
 1.0 11.92458
 1.0 11.76223
 1.0 11.38975
 1.0 10.05177
 1.0 10.2429
 1.0 10.65659
 1.0 11.92645
 1.0 12.53368
 1.0 12.92956
 1.0 13.93506
 1.0 13.39028
 1.0 14.57802
 1.0 15.12616
 1.0 16.37764
 1.0 17.05039
 1.0 17.48005
 1.0 18.45093
 1.0 19.01263
 1.0 19.75273
 1.0 20.43088
 1.0 19.44094
 1.0 18.52247
 1.0 17.77352
 1.0 16.94806
 1.0 17.94947
 1.0 17.31269
 1.0 16.69571
 1.0 16.20184
 1.0 15.13999
 1.0 15.81917
 1.0 14.93898
 1.0 14.59888
 1.0 13.86121
 1.0 13.72204
 1.0 12.93919
 1.0 11.5115
 1.0 10.85588
 1.0 11.78392
 1.0 11.41942
 1.0 11.52216
 1.0 11.42407
 1.0 10.08947
 1.0 8.98999
 1.0 7.63642
 1.0 6.59882
 1.0 5.21981
 1.0 4.32238
 1.0 2.9312
 1.0 2.49926
 1.0 3.84979
 1.0 4.3223
 1.0 5.5699
 1.0 6.76755
 1.0 5.78142
 2.0 6.11036
 2.0 5.78334
 2.0 4.32164
 1.0 3.84468
 1.0 2.49362
 1.0 3.52574
 1.0 4.57711
 1.0 5.57294
 1.0 5.21338
 1.0 4.98281
 1.0 3.83748
 1.0 4.31073
 1.0 5.77183
 1.0 6.09764
 1.0 5.76941
 2.0 6.58486
 1.0 6.28347
 1.0 6.5857
 2.0 5.77037
 3.0 6.58738
 1.0 6.287
 1.0 15.42199
 1.0 15.79748
 1.0 15.12097
 1.0 13.92429
 1.0 13.38566
 1.0 12.27294
 1.0 11.92151
 1.0 11.48643
 1.0 10.23771
 1.0 10.64646
 1.0 11.11522
 1.0 12.27431
 1.0 12.92543
 1.0 13.48349
 1.0 14.50344
 1.0 13.9249
 1.0 15.12134
 1.0 15.79855
 1.0 17.04563
 1.0 17.82413
 1.0 18.27816
 1.0 19.16791
 1.0 19.74861
 1.0 20.57559
 1.0 21.26407
 1.0 20.27686
 1.0 19.43835
 1.0 18.6845
 1.0 17.9448
 1.0 19.01631
 1.0 18.45893
 1.0 17.83801
 1.0 17.42164
 1.0 16.39192
 1.0 17.06684
 1.0 16.20696
 1.0 15.94321
 1.0 15.21962
 1.0 15.14478
 1.0 14.3859
 1.0 12.93789
 1.0 12.29577
 1.0 13.1815
 1.0 12.79671
 1.0 12.9491
 1.0 12.80196
 1.0 11.42456
 1.0 10.39199
 1.0 8.99061
 1.0 8.03188
 1.0 6.59967
 1.0 5.78295
 1.0 4.32368
 1.0 3.84548
 1.0 4.99175
 1.0 5.2171
 1.0 5.57092
 1.0 6.2883
 1.0 7.47489
 1.0 7.2135
 1.0 6.59665
 1.0 6.77373
 1.0 4.58437
 1.0 4.321
 2.0 2.9254
 1.0 4.58014
 1.0 5.57193
 1.0 6.76841
 1.0 6.59457
 1.0 4.9828
 1.0 5.2091
 1.0 6.5895
 1.0 6.09762
 1.0 6.76018
 1.0 6.58569
 1.0 7.20542
 1.0 14.56739
 1.0 14.9121
 1.0 14.13896
 1.0 12.91152
 1.0 12.26595
 1.0 11.11117
 1.0 10.64947
 1.0 10.2366
 1.0 9.07292
 1.0 9.61211
 1.0 10.05123
 1.0 11.11218
 1.0 11.76104
 1.0 12.43375
 1.0 13.47546
 1.0 12.91153
 1.0 14.13876
 1.0 14.91248
 1.0 16.17981
 1.0 17.0432
 1.0 17.47272
 1.0 18.27447
 1.0 18.84114
 1.0 19.74524
 1.0 20.42336
 1.0 19.43346
 1.0 18.68194
 1.0 17.93981
 1.0 17.30316
 1.0 18.45363
 1.0 18.0085
 1.0 17.41635
 1.0 17.12617
 1.0 16.12582
 1.0 16.76478
 1.0 15.93742
 1.0 15.81706
 1.0 15.13906
 1.0 15.21762
 1.0 14.51623
 1.0 13.02372
 1.0 12.44867
 1.0 13.26533
 1.0 12.94327
 1.0 13.2706
 1.0 13.18616
 1.0 11.78843
 1.0 10.86307
 1.0 9.45016
 1.0 8.63434
 1.0 7.21512
 1.0 6.59631
 1.0 5.2177
 1.0 4.31979
 1.0 5.21819
 1.0 5.5669
 1.0 6.59368
 1.0 6.29406
 1.0 6.59833
 1.0 4.32293
 1.0 4.3178
 1.0 6.59288
 1.0 6.76759
 1.0 6.59204
 1.0 5.21017
 1.0 6.0958
 1.0 5.76891
 1.0 6.58611
 1.0 6.28566
 2.0 7.47081
 1.0 7.6258
 1.0 6.58948
 1.0 14.383
 1.0 14.5731
 1.0 13.83686
 1.0 12.51736
 1.0 11.91531
 1.0 10.64928
 1.0 10.24229
 1.0 10.04681
 1.0 8.94466
 1.0 9.40914
 1.0 9.61817
 1.0 10.65033
 1.0 11.11818
 1.0 11.76182
 1.0 12.91906
 1.0 12.51715
 1.0 13.83647
 1.0 14.57312
 1.0 15.91703
 1.0 16.74773
 1.0 17.04859
 1.0 17.82644
 1.0 18.27996
 1.0 19.17011
 1.0 19.75031
 1.0 18.68299
 1.0 17.94292
 1.0 17.30397
 1.0 16.68917
 1.0 17.83565
 1.0 17.41891
 1.0 16.94399
 1.0 16.69173
 1.0 15.61358
 1.0 16.12893
 1.0 15.21577
 1.0 15.14054
 1.0 14.59126
 1.0 14.72509
 1.0 13.94299
 1.0 11.77472
 1.0 12.44935
 1.0 12.04073
 1.0 12.45384
 1.0 12.30032
 1.0 10.86026
 1.0 10.08175
 1.0 8.63111
 1.0 8.02494
 1.0 6.5925
 1.0 6.2906
 1.0 4.98398
 1.0 3.83898
 1.0 4.31849
 1.0 3.84111
 1.0 4.31137
 1.0 4.57162
 1.0 5.21227
 1.0 2.92824
 1.0 2.49586
 1.0 1.52785
 1.0 3.83893
 1.0 4.98057
 1.0 6.28923
 1.0 6.59036
 1.0 6.76349
 1.0 5.56695
 1.0 7.46935
 1.0 7.20389
 1.0 6.75813
 1.0 6.09398
 1.0 6.75854
 1.0 7.62325
 1.0 5.56692
 1.0 13.6912
 1.0 13.83448
 1.0 12.99739
 1.0 11.64959
 1.0 10.92975
 1.0 9.61494
 1.0 9.07747
 1.0 8.94401
 1.0 7.98255
 1.0 8.58979
 1.0 8.72899
 1.0 9.61553
 1.0 10.05367
 1.0 10.83241
 1.0 12.01448
 1.0 11.64865
 1.0 12.99634
 1.0 13.83369
 1.0 15.19183
 1.0 16.10791
 1.0 16.37273
 1.0 17.04513
 1.0 17.47412
 1.0 18.44504
 1.0 19.00618
 1.0 17.93794
 1.0 17.3009
 1.0 16.68415
 1.0 16.1901
 1.0 17.41362
 1.0 17.12307
 1.0 16.68654
 1.0 16.57145
 1.0 15.53507
 1.0 16.00407
 1.0 15.13482
 1.0 15.21303
 1.0 14.71959
 1.0 15.00823
 1.0 14.29618
 1.0 12.77865
 1.0 12.19158
 1.0 12.78321
 1.0 12.44823
 1.0 13.02823
 1.0 12.94179
 1.0 11.51515
 1.0 10.85641
 1.0 9.44339
 1.0 8.9804
 1.0 7.62695
 1.0 7.47311
 1.0 6.29105
 1.0 4.98173
 1.0 5.21233
 1.0 4.57165
 1.0 4.30748
 1.0 5.2064
 1.0 4.98165
 1.0 5.21121
 1.0 5.5744
 1.0 4.58194
 1.0 3.52888
 1.0 2.92445
 1.0 2.49364
 1.0 2.91972
 1.0 4.31395
 1.0 5.20804
 1.0 6.58909
 1.0 7.20776
 1.0 7.47121
 1.0 7.042
 1.0 8.01971
 1.0 7.46748
 1.0 6.75896
 1.0 6.58317
 1.0 5.76652
 1.0 6.58359
 1.0 6.75936
 1.0 7.87316
 2.0 8.39875
 1.0 6.28655
 1.0 7.04355
 1.0 12.29035
 1.0 12.51139
 1.0 11.64674
 1.0 10.34816
 1.0 9.61264
 1.0 8.36946
 1.0 7.84686
 1.0 7.59141
 1.0 6.55018
 1.0 7.16912
 1.0 7.43946
 1.0 8.37014
 1.0 8.95632
 1.0 9.74209
 1.0 10.82856
 1.0 10.34737
 1.0 11.64579
 1.0 12.51074
 1.0 13.83048
 1.0 14.7778
 1.0 15.11698
 1.0 15.7938
 1.0 16.3031
 1.0 17.29432
 1.0 17.93453
 1.0 16.93633
 1.0 16.30751
 1.0 15.60227
 1.0 15.12393
 1.0 16.37913
 1.0 16.11786
 1.0 15.60393
 1.0 15.53058
 1.0 14.58018
 1.0 15.12984
 1.0 14.37017
 1.0 14.50584
 1.0 13.93217
 1.0 14.29091
 1.0 13.71209
 1.0 12.18609
 1.0 11.76856
 1.0 12.44239
 1.0 12.28896
 1.0 12.93596
 1.0 11.68018
 1.0 10.96109
 1.0 9.10789
 1.0 7.87674
 1.0 7.62732
 1.0 6.59335
 1.0 5.21181
 1.0 5.57295
 1.0 4.57772
 1.0 4.31072
 1.0 3.83237
 1.0 4.97829
 1.0 5.21065
 1.0 5.5709
 1.0 6.29361
 1.0 5.57588
 1.0 4.58254
 1.0 3.52729
 1.0 2.49141
 1.0 3.83891
 1.0 4.31201
 1.0 5.77326
 1.0 6.58908
 1.0 5.56594
 1.0 6.28481
 1.0 7.04042
 1.0 6.28259
 1.0 5.56295
 1.0 5.20163
 1.0 4.30491
 1.0 5.20268
 1.0 5.56393
 1.0 6.76016
 2.0 7.46969
 1.0 5.56641
 1.0 5.56592
 1.0 11.74044
 1.0 11.90627
 1.0 10.92368
 1.0 9.60833
 1.0 8.72322
 1.0 7.43605
 1.0 6.72876
 1.0 6.54931
 1.0 5.72941
 1.0 6.54644
 1.0 6.72598
 1.0 7.43606
 1.0 7.99281
 1.0 8.95076
 1.0 10.04541
 1.0 9.60662
 1.0 10.92192
 1.0 11.90466
 1.0 13.22608
 1.0 14.26775
 1.0 14.5651
 1.0 15.11309
 1.0 15.59442
 1.0 16.67414
 1.0 17.29203
 1.0 16.3022
 1.0 15.79602
 1.0 15.11857
 1.0 14.78279
 1.0 16.11231
 1.0 15.99291
 1.0 15.52519
 1.0 15.60145
 1.0 14.7086
 1.0 15.2022
 1.0 14.50007
 1.0 14.7928
 1.0 14.28544
 1.0 14.79377
 1.0 14.28993
 1.0 12.77275
 1.0 12.43771
 1.0 13.01708
 1.0 12.93077
 1.0 13.71797
 1.0 13.86182
 1.0 12.54141
 1.0 11.94036
 1.0 10.67315
 1.0 10.26686
 1.0 9.1082
 1.0 8.98102
 1.0 8.02599
 1.0 6.59165
 1.0 6.76637
 1.0 5.56994
 1.0 5.2059
 1.0 4.30683
 1.0 5.20425
 1.0 5.56839
 1.0 6.28875
 1.0 7.04827
 1.0 6.29405
 1.0 5.5754
 1.0 4.57951
 1.0 4.31844
 1.0 4.98167
 1.0 5.20749
 1.0 7.62509
 1.0 6.76101
 2.0 7.03883
 1.0 6.28304
 1.0 5.56146
 1.0 4.56677
 1.0 5.56243
 1.0 6.2839
 2.0 7.46857
 1.0 8.39841
 1.0 7.87527
 1.0 6.76181
 1.0 7.47007
 1.0 6.761
 1.0 12.77823
 1.0 12.99097
 1.0 11.90275
 1.0 10.63653
 1.0 9.60484
 1.0 8.36184
 1.0 7.43266
 1.0 7.16248
 1.0 6.54177
 1.0 7.58167
 1.0 7.83707
 1.0 8.36119
 1.0 8.94732
 1.0 10.04704
 1.0 11.1027
 1.0 10.6342
 1.0 11.90043
 1.0 12.98885
 1.0 14.26364
 1.0 15.38663
 1.0 15.71231
 1.0 16.17324
 1.0 16.67061
 1.0 17.81593
 1.0 18.43773
 1.0 17.46879
 1.0 17.04342
 1.0 16.37009
 1.0 16.10919
 1.0 17.47108
 1.0 17.40609
 1.0 16.93148
 1.0 17.04744
 1.0 16.18686
 1.0 16.68334
 1.0 15.99813
 1.0 16.31201
 1.0 15.80422
 1.0 16.31324
 1.0 15.80916
 1.0 14.29032
 1.0 13.93658
 1.0 14.5097
 1.0 14.37892
 1.0 15.22257
 1.0 13.26431
 1.0 11.94271
 1.0 11.51395
 1.0 10.26959
 1.0 10.08039
 1.0 8.98414
 1.0 7.62806
 1.0 7.87886
 1.0 6.76431
 1.0 5.76747
 1.0 6.5844
 1.0 6.76263
 1.0 8.02627
 1.0 7.04986
 1.0 6.29451
 1.0 5.21389
 1.0 8.02178
 1.0 8.98036
 1.0 9.10848
 1.0 8.39844
 1.0 8.97789
 1.0 8.01831
 1.0 7.04041
 1.0 6.28214
 1.0 5.56242
 1.0 6.75893
 1.0 8.75952
 1.0 9.64534
 1.0 9.10846
 1.0 7.46933
 1.0 7.20581
 2.0 8.26133
 1.0 12.50102
 1.0 12.65688
 1.0 11.47009
 1.0 10.22636
 1.0 9.06376
 1.0 7.83417
 1.0 6.71971
 1.0 6.54003
 1.0 6.23883
 1.0 7.42619
 1.0 7.58418
 1.0 7.83277
 1.0 8.36247
 1.0 9.61029
 1.0 10.63624
 1.0 10.22312
 1.0 11.46696
 1.0 12.65383
 1.0 13.90343
 1.0 15.10432
 1.0 15.38514
 1.0 15.70803
 1.0 16.17131
 1.0 17.3939
 1.0 17.98677
 1.0 17.03784
 1.0 16.7411
 1.0 16.10364
 1.0 15.9847
 1.0 17.40047
 1.0 17.46903
 1.0 17.04203
 1.0 17.29243
 1.0 16.4919
 1.0 16.93327
 1.0 16.30636
 1.0 16.75399
 1.0 16.30793
 1.0 16.93973
 1.0 16.50205
 1.0 15.00209
 1.0 14.71846
 1.0 15.21084
 1.0 15.1376
 1.0 16.01088
 1.0 16.13483
 1.0 14.80789
 1.0 14.303
 1.0 13.02781
 1.0 12.69775
 1.0 11.51468
 1.0 11.41508
 1.0 10.38585
 1.0 8.98227
 1.0 9.11095
 1.0 7.87602
 1.0 7.62255
 1.0 6.58274
 1.0 7.20155
 1.0 8.39975
 1.0 8.98313
 1.0 8.02696
 1.0 7.47752
 1.0 6.76716
 1.0 6.59414
 1.0 6.29054
 1.0 7.47306
 1.0 10.07869
 1.0 10.26902
 1.0 9.10757
 1.0 10.07676
 1.0 8.97633
 1.0 8.01901
 1.0 6.28257
 1.0 7.46745
 1.0 8.39742
 1.0 10.67599
 1.0 10.26953
 1.0 9.10785
 1.0 9.64535
 1.0 10.2701
 1.0 9.76761
