
 100.0 1.526
 1.0 1.76286
 1.0 2.92254
 97.0 2.49139
 1.0 3.05109
 69.0 2.92064
 10.0 2.9197
 33.0 2.48916
 1.0 3.93695
 12.0 3.83745
 37.0 4.31457
 28.0 3.83962
 6.0 3.83601
 6.0 4.31264
 4.0 4.57527
 1.0 5.28175
 3.0 5.77373
 2.0 6.10127
 6.0 5.77566
 1.0 5.77229
 1.0 6.58907
 2.0 6.76388
 6.0 6.59076
 21.0 5.21015
 10.0 4.98278
 1.0 5.28018
 2.0 6.287
 3.0 6.58865
 4.0 6.76429
 5.0 5.56942
 1.0 6.28568
 3.0 7.47082
 2.0 7.62509
 1.0 7.87671
 1.0 6.34647
 1.0 7.62435
 1.0 7.87459
 1.0 8.40042
 1.0 7.47231
 3.0 7.20851
 3.0 5.20482
 1.0 6.58654
 4.0 6.7606
 1.0 7.47046
 1.0 6.76265
 1.0 6.28833
 12.0 4.98055
 1.0 5.83653
 1.0 7.20465
 3.0 7.46859
 2.0 8.39877
 1.0 7.87529
 2.0 7.62508
 3.0 7.47194
 2.0 6.28832
 9.0 6.59075
 1.0 7.20389
 1.0 8.62527
 2.0 8.75859
 4.0 9.64508
 1.0 9.10817
 2.0 8.97974
 1.0 8.76208
 2.0 7.62727
 1.0 8.06606
 1.0 9.44012
 2.0 9.64307
 1.0 10.38045
 1.0 9.44218
 1.0 7.61962
 1.0 8.97541
 2.0 9.10391
 1.0 8.62528
 1.0 8.0204
 1.0 6.58696
 1.0 4.97944
 6.0 2.48805
 5.0 1.52236
 1.0 6.34209
 2.0 7.61998
 1.0 7.87036
 2.0 8.39645
 2.0 7.20466
 2.0 6.58739
 2.0 5.20695
 6.0 3.83818
 3.0 0.00446
 6.0 1.52235
 1.0 6.75772
 3.0 7.87176
 1.0 8.9785
 1.0 8.02108
 2.0 7.47045
 2.0 6.76305
 2.0 5.56842
 2.0 5.21014
 2.0 4.3152
 1.0 2.92063
 3.0 2.49249
 2.0 1.52599
 7.0 2.49026
 11.0 2.91968
 11.0 3.52256
 1.0 7.25813
 1.0 8.39875
 1.0 8.9788
 1.0 9.76675
 2.0 8.98127
 1.0 8.4014
 3.0 7.8781
 2.0 6.76551
 1.0 6.59243
 1.0 5.77709
 4.0 4.31584
 1.0 3.84033
 2.0 2.49137
 3.0 2.92158
 1.0 6.2861
 1.0 7.47118
 1.0 8.02141
 1.0 8.40205
 1.0 7.87809
 1.0 7.62907
 1.0 6.59242
 1.0 6.76797
 1.0 6.10489
 1.0 4.57889
 1.0 4.31713
 1.0 2.92253
 2.0 1.52417
 15.0 3.52257
 1.0 5.28227
 2.0 6.28875
 1.0 7.04513
 1.0 8.02522
 1.0 7.47564
 1.0 6.76714
 1.0 6.59411
 1.0 5.77901
 1.0 6.10671
 1.0 5.78045
 1.0 4.31906
 1.0 4.58072
 2.0 3.52572
 2.0 2.92349
 3.0 2.49028
 6.0 4.31393
 8.0 4.57649
 4.0 6.29053
 1.0 7.04828
 3.0 8.02627
 1.0 8.98622
 1.0 8.40701
 2.0 7.47861
 1.0 7.21543
 1.0 6.59706
 1.0 6.77207
 1.0 6.59748
 1.0 5.21599
 1.0 5.57489
 2.0 4.5789
 3.0 4.31714
 2.0 5.20855
 7.0 5.56992
 1.0 7.26424
 1.0 8.02729
 2.0 8.98436
 1.0 10.085
 1.0 9.6534
 1.0 8.76903
 1.0 8.6362
 2.0 8.03006
 1.0 8.26903
 1.0 6.59579
 1.0 6.76879
 1.0 5.5719
 1.0 5.21227
 2.0 4.31328
 3.0 5.20748
 2.0 5.56743
 5.0 6.28877
 1.0 6.76673
 1.0 7.47636
 1.0 8.40369
 1.0 9.65167
 1.0 9.4495
 1.0 8.63425
 1.0 8.76902
 1.0 8.26734
 1.0 8.76934
 1.0 8.63491
 1.0 7.2135
 1.0 7.47676
 1.0 6.29141
 2.0 5.57191
 4.0 5.56793
 3.0 6.2879
 5.0 7.04515
 1.0 6.35607
 1.0 6.77124
 1.0 7.88303
 1.0 9.1173
 1.0 8.9893
 1.0 8.03109
 1.0 8.2697
 1.0 8.0311
 1.0 8.63684
 1.0 8.76998
 1.0 8.02835
 1.0 7.04829
 1.0 6.2923
 4.0 5.56993
 2.0 6.76389
 2.0 7.47195
 3.0 8.02352
 1.0 7.6349
 1.0 7.88726
 1.0 9.11914
 1.0 10.28144
 1.0 10.09134
 1.0 8.99271
 1.0 9.12157
 1.0 8.99178
 1.0 9.45481
 1.0 9.65658
 1.0 8.40834
 1.0 8.98684
 1.0 7.47603
 1.0 6.7643
 2.0 7.8753
 2.0 8.3991
 2.0 8.98099
 1.0 8.81333
 1.0 9.11881
 1.0 10.27791
 1.0 11.52571
 1.0 11.42498
 1.0 10.39352
 1.0 10.57924
 1.0 10.39272
 1.0 10.86788
 1.0 10.97297
 1.0 9.65399
 1.0 10.08474
 1.0 8.98345
 1.0 8.40339
 1.0 7.47157
 2.0 8.39811
 2.0 8.97851
 1.0 9.76648
 1.0 9.1121
 1.0 9.65223
 1.0 10.68065
 1.0 11.95103
 1.0 11.7886
 1.0 10.86453
 1.0 10.9722
 1.0 10.57451
 1.0 10.9717
 1.0 10.86353
 1.0 9.44834
 1.0 9.64967
 3.0 8.40107
 2.0 7.87669
 1.0 6.761
 2.0 7.46711
 2.0 8.01867
 1.0 9.48741
 1.0 10.08499
 1.0 11.14329
 1.0 12.30364
 1.0 11.95267
 1.0 10.97195
 1.0 10.86634
 1.0 10.39005
 1.0 10.57609
 1.0 10.38925
 1.0 8.9856
 1.0 9.11212
 1.0 7.62653
 1.0 6.58653
 1.0 7.20233
 1.0 10.07837
 1.0 10.85941
 1.0 11.78222
 1.0 12.94494
 1.0 12.55046
 1.0 11.68775
 1.0 11.52185
 1.0 10.86147
 1.0 10.96942
 1.0 10.57136
 1.0 9.1115
 1.0 8.98065
 1.0 7.62397
 1.0 7.46968
 1.0 6.283
 1.0 6.58104
 1.0 6.75648
 1.0 7.62326
 1.0 6.58866
 1.0 5.20696
 4.0 4.9772
 3.0 2.91874
 1.0 3.52098
 6.0 4.57587
 1.0 9.14623
 1.0 10.07642
 1.0 10.85224
 1.0 12.03952
 1.0 11.68108
 1.0 10.96332
 1.0 10.85814
 1.0 10.07892
 1.0 10.27115
 1.0 9.76673
 1.0 8.25996
 1.0 8.02038
 2.0 6.58569
 1.0 6.28389
 1.0 4.97384
 2.0 5.20001
 1.0 5.56195
 2.0 6.75855
 2.0 6.58486
 2.0 5.77182
 4.0 4.31072
 1.0 3.83239
 1.0 4.30941
 1.0 2.91778
 2.0 4.31263
 3.0 4.57526
 1.0 8.01759
 1.0 8.97753
 1.0 9.76245
 1.0 10.85482
 1.0 10.38094
 1.0 9.64591
 1.0 9.44392
 1.0 8.62783
 1.0 8.76301
 2.0 8.26131
 2.0 6.76346
 3.0 6.58864
 1.0 4.97831
 1.0 3.8331
 1.0 4.30813
 1.0 4.57104
 1.0 5.56595
 2.0 5.20589
 1.0 4.31137
 1.0 2.91781
 3.0 2.48582
 3.0 2.91588
 1.0 2.48693
 1.0 2.48914
 2.0 3.83672
 1.0 7.25043
 1.0 8.3911
 1.0 8.9701
 1.0 10.07037
 1.0 9.6387
 1.0 9.10172
 1.0 8.97444
 1.0 8.0162
 1.0 8.25626
 1.0 7.62179
 1.0 6.09579
 2.0 5.76989
 1.0 4.30879
 1.0 3.83166
 1.0 2.48247
 2.0 2.91497
 1.0 3.51947
 1.0 4.57166
 1.0 4.30751
 1.0 3.83386
 1.0 2.48809
 1.0 1.51691
 1.0 2.48245
 1.0 2.91872
 1.0 4.31133
 1.0 5.208
 3.0 5.56941
 1.0 6.27725
 1.0 7.46186
 1.0 8.01275
 2.0 8.97198
 1.0 8.39213
 1.0 7.86751
 2.0 7.61814
 1.0 6.58189
 1.0 6.75771
 1.0 6.09581
 1.0 4.56981
 1.0 4.31074
 1.0 2.91783
 1.0 2.48696
 1.0 1.52422
 1.0 2.49479
 1.0 2.92451
 1.0 3.52263
 1.0 2.91593
 1.0 2.48585
 1.0 1.52606
 1.0 0.01116
 1.0 1.51688
 2.0 2.48581
 1.0 4.57343
 1.0 5.56741
 2.0 6.28876
 3.0 5.56991
 1.0 5.8222
 1.0 7.19033
 1.0 7.45442
 1.0 8.38384
 1.0 7.85973
 1.0 7.60937
 1.0 7.45628
 1.0 6.27283
 2.0 6.5764
 1.0 5.76267
 2.0 4.3017
 1.0 3.83027
 1.0 2.48478
 1.0 1.51329
 1.0 0.01582
 1.0 1.53885
 1.0 2.50041
 1.0 2.92169
 1.0 2.48253
 1.0 2.49256
 1.0 1.52607
 1.0 2.48358
 2.0 3.83456
 2.0 4.57586
 1.0 5.56691
 1.0 6.76222
 4.0 7.4723
 3.0 6.76469
 1.0 7.18724
 1.0 8.60909
 1.0 8.7414
 1.0 9.62687
 1.0 9.0895
 1.0 8.96204
 1.0 8.74458
 1.0 7.45404
 1.0 7.61048
 1.0 6.57429
 1.0 5.19413
 1.0 4.29977
 1.0 2.90735
 1.0 2.4735
 1.0 1.51323
 1.0 0.01937
 1.0 1.52981
 1.0 2.48367
 1.0 2.90733
 1.0 3.5147
 1.0 2.91878
 1.0 2.48583
 1.0 3.83093
 3.0 5.20908
 2.0 5.56841
 1.0 6.76139
 1.0 7.87457
 2.0 8.40041
 1.0 8.05048
 1.0 9.42503
 1.0 9.62599
 1.0 10.65746
 1.0 10.25109
 1.0 10.06208
 1.0 9.94765
 1.0 8.74586
 1.0 8.96702
 1.0 8.00929
 1.0 5.76171
 1.0 3.82295
 1.0 2.47574
 1.0 1.50964
 1.0 2.48592
 1.0 3.82954
 1.0 4.30169
 1.0 4.568
 1.0 3.51787
 1.0 2.91114
 1.0 4.30425
 1.0 5.20374
 2.0 4.97832
 1.0 5.20587
 1.0 6.58526
 1.0 7.62288
 2.0 7.87458
 1.0 6.76223
 1.0 8.38383
 1.0 9.63206
 1.0 10.06292
 1.0 11.12432
 1.0 10.66295
 1.0 10.25679
 1.0 10.06762
 1.0 8.96826
 1.0 9.099
 1.0 8.25055
 2.0 6.75318
 3.0 6.09034
 2.0 4.56434
 1.0 4.30102
 1.0 2.90634
 1.0 2.4769
 1.0 2.91213
 1.0 4.30494
 1.0 4.30556
 1.0 2.91306
 1.0 2.478
 1.0 3.82731
 1.0 4.3062
 1.0 3.83312
 2.0 4.30877
 1.0 5.76891
 3.0 6.58527
 1.0 6.76141
 2.0 5.56693
 1.0 5.20749
 3.0 2.91875
 1.0 9.46835
 1.0 10.66294
 1.0 11.12282
 1.0 12.28261
 1.0 11.93195
 1.0 11.50374
 1.0 11.40404
 1.0 10.37131
 1.0 10.55874
 1.0 9.75735
 1.0 8.25122
 1.0 7.61633
 1.0 5.76217
 1.0 4.30038
 1.0 3.8237
 1.0 4.3043
 1.0 5.76509
 1.0 5.76701
 1.0 4.30686
 1.0 3.8266
 1.0 4.9705
 1.0 5.20162
 1.0 4.30685
 1.0 4.56798
 2.0 6.09398
 2.0 6.75813
 3.0 6.58528
 5.0 4.97721
 3.0 2.91684
 1.0 10.65877
 1.0 11.9296
 1.0 12.27852
 1.0 13.39596
 1.0 13.01601
 1.0 12.68673
 1.0 12.53496
 1.0 11.40086
 1.0 11.50472
 1.0 10.55558
 1.0 9.09716
 1.0 8.24785
 1.0 6.75072
 1.0 6.57512
 1.0 5.19465
 1.0 4.29586
 1.0 4.56253
 1.0 6.08852
 1.0 6.75154
 1.0 6.58148
 1.0 5.20163
 1.0 4.96939
 1.0 6.27815
 1.0 6.58232
 1.0 5.76797
 1.0 8.25561
 1.0 6.2848
 2.0 3.83384
 5.0 4.31071
 1.0 10.39674
 1.0 11.76119
 1.0 11.92121
 1.0 13.00895
 1.0 12.67884
 1.0 12.52784
 1.0 12.4368
 1.0 11.22478
 1.0 11.39868
 1.0 10.36623
 1.0 8.96486
 1.0 8.00653
 1.0 6.57431
 1.0 6.27106
 1.0 4.9649
 1.0 3.81935
 1.0 4.30174
 1.0 5.76076
 1.0 6.57515
 1.0 6.75444
 1.0 5.56146
 1.0 5.19735
 1.0 6.57809
 1.0 7.20003
 1.0 6.58359
 1.0 6.75689
 1.0 8.25391
 1.0 9.10359
 1.0 8.97633
 2.0 7.6218
 1.0 7.4686
 1.0 6.28524
 2.0 5.20642
 4.0 5.20801
 1.0 10.05517
 1.0 11.39181
 1.0 11.48971
 1.0 12.67577
 1.0 12.52408
 1.0 12.43345
 1.0 12.52897
 1.0 11.39551
 1.0 11.76645
 1.0 10.84153
 1.0 9.42864
 1.0 8.6137
 1.0 7.19466
 1.0 6.57346
 1.0 5.19468
 1.0 4.29916
 1.0 5.2017
 1.0 6.579
 1.0 7.19465
 1.0 7.46341
 1.0 6.28218
 1.0 5.55796
 1.0 6.75196
 1.0 7.46376
 1.0 6.75731
 1.0 6.58147
 1.0 8.01449
 1.0 8.97385
 1.0 8.75636
 1.0 7.46635
 1.0 5.20481
 1.0 5.56593
 1.0 4.57223
 2.0 5.20909
 1.0 8.78396
 1.0 10.05822
 1.0 10.24623
 1.0 11.49361
 1.0 11.39381
 1.0 11.22405
 1.0 11.39747
 1.0 10.36543
 1.0 10.84307
 1.0 10.06574
 1.0 8.61498
 1.0 8.01073
 1.0 6.57857
 1.0 5.76028
 1.0 4.30043
 1.0 3.82741
 1.0 4.97619
 1.0 6.28044
 1.0 6.57772
 1.0 6.75529
 1.0 5.56298
 1.0 4.56437
 1.0 5.55645
 1.0 6.27905
 1.0 5.56144
 1.0 6.5802
 3.0 7.46522
 1.0 6.28168
 1.0 6.58399
 1.0 5.76939
 1.0 4.30812
 1.0 4.57101
 1.0 3.51784
 1.0 4.57345
 1.0 4.3133
 1.0 3.83892
 3.0 2.49029
 1.0 7.60242
 1.0 8.958
 1.0 9.08462
 2.0 10.2465
 1.0 10.05713
 1.0 9.94208
 1.0 10.06017
 1.0 8.96146
 1.0 9.42746
 1.0 8.61305
 1.0 7.19311
 1.0 6.57689
 1.0 5.19794
 1.0 4.29849
 1.0 2.90641
 1.0 2.48261
 1.0 3.83613
 1.0 4.97395
 1.0 5.19686
 1.0 5.55998
 1.0 4.56985
 1.0 3.51156
 1.0 4.56251
 1.0 5.55994
 2.0 5.20321
 1.0 4.97383
 1.0 6.28034
 1.0 7.62104
 1.0 6.58483
 1.0 6.75975
 2.0 6.09761
 1.0 4.57161
 1.0 4.31005
 1.0 3.51942
 1.0 2.4903
 1.0 1.52419
 1.0 7.64839
 1.0 9.08153
 1.0 8.94994
 1.0 10.04965
 1.0 9.93536
 1.0 10.05324
 1.0 9.08617
 1.0 9.62749
 1.0 8.74433
 1.0 7.45559
 1.0 6.75038
 1.0 5.55851
 1.0 4.56012
 1.0 3.51157
 1.0 2.91794
 1.0 4.31599
 1.0 5.20439
 1.0 5.55749
 1.0 6.28085
 1.0 5.56598
 1.0 4.56801
 1.0 5.55794
 1.0 6.75606
 1.0 6.58484
 1.0 6.28211
 1.0 7.46409
 1.0 8.75539
 1.0 8.97537
 1.0 8.01793
 1.0 8.25726
 1.0 7.62361
 1.0 5.7718
 1.0 4.31069
 1.0 4.57405
 1.0 3.52099
 1.0 2.92065
 7.0 4.31392
 3.0 4.57648
 1.0 9.08091
 1.0 10.54024
 1.0 10.35142
 1.0 11.38401
 1.0 11.21486
 1.0 11.38864
 1.0 11.49286
 1.0 10.24677
 1.0 10.65776
 1.0 9.62836
 1.0 8.38354
 1.0 7.45709
 1.0 6.27643
 1.0 5.55295
 1.0 4.56374
 1.0 3.51477
 1.0 4.57477
 1.0 5.56201
 1.0 6.27641
 1.0 7.03726
 1.0 6.28482
 1.0 5.56095
 1.0 7.86893
 1.0 7.62106
 1.0 8.75412
 1.0 9.9566
 1.0 10.07369
 1.0 8.97507
 1.0 9.10511
 2.0 8.25727
 1.0 6.75976
 1.0 6.58695
 1.0 5.2064
 1.0 9.45362
 1.0 10.93306
 1.0 10.53233
 1.0 11.48073
 1.0 11.38181
 1.0 11.75291
 1.0 11.91958
 1.0 10.65148
 1.0 11.11784
 1.0 10.05937
 1.0 8.96302
 1.0 8.00795
 1.0 7.03413
 1.0 6.27374
 1.0 5.56045
 1.0 4.57293
 1.0 5.57202
 1.0 6.28398
 1.0 7.03411
 1.0 8.01659
 1.0 7.47011
 1.0 6.75773
 1.0 7.8668
 1.0 9.10267
 1.0 8.97632
 1.0 8.75571
 1.0 9.95548
 1.0 11.23692
 1.0 11.40891
 1.0 10.3772
 1.0 10.564
 1.0 9.76361
 1.0 8.02072
 1.0 6.58737
 2.0 6.76387
 2.0 5.77517
 1.0 6.10126
 1.0 9.41088
 1.0 10.82376
 1.0 10.34445
 1.0 11.3767
 1.0 11.4815
 1.0 11.91422
 1.0 12.26994
 1.0 11.11285
 1.0 11.76032
 1.0 10.83771
 1.0 9.74941
 1.0 8.96711
 1.0 8.01318
 1.0 7.03097
 1.0 6.28041
 1.0 5.56803
 1.0 6.76727
 1.0 7.46868
 1.0 8.01246
 1.0 8.97389
 1.0 8.39781
 1.0 7.46527
 1.0 8.3895
 1.0 9.63844
 2.0 9.43746
 1.0 10.069
 1.0 11.40551
 1.0 11.50762
 1.0 10.55979
 1.0 10.95802
 1.0 10.26494
 1.0 8.75667
 1.0 8.62462
 1.0 7.20426
 1.0 6.28788
 1.0 6.58949
 1.0 6.5899
 1.0 5.20961
 1.0 10.08364
 1.0 11.48025
 1.0 10.81632
 1.0 11.74087
 1.0 11.90817
 1.0 12.51342
 1.0 12.91314
 1.0 11.75416
 1.0 12.43104
 1.0 11.4956
 1.0 10.55036
 1.0 9.75373
 1.0 8.97238
 1.0 8.01038
 1.0 7.46603
 1.0 6.76521
 1.0 7.88174
 1.0 8.39885
 1.0 8.97173
 1.0 10.07375
 1.0 9.6454
 1.0 8.75671
 1.0 9.637
 1.0 10.95651
 1.0 10.85203
 1.0 10.3748
 1.0 11.40477
 1.0 12.78386
 1.0 12.93508
 1.0 12.03538
 1.0 12.44912
 1.0 11.77801
 1.0 10.26521
 1.0 10.07647
 1.0 8.62526
 2.0 8.76144
 1.0 7.47193
 1.0 6.76511
 2.0 6.58991
 1.0 8.02316
 1.0 8.26064
 1.0 8.0235
 1.0 6.59032
 1.0 11.48244
 1.0 12.90814
 1.0 12.25744
 1.0 13.13962
 1.0 13.2313
 1.0 13.83548
 1.0 14.14375
 1.0 12.91508
 1.0 13.47707
 1.0 12.43351
 1.0 11.49823
 1.0 10.55354
 1.0 9.75712
 1.0 8.96706
 1.0 8.39282
 1.0 7.47052
 1.0 8.40381
 1.0 8.97733
 1.0 9.7571
 1.0 10.85153
 1.0 10.38047
 1.0 9.64048
 1.0 10.66715
 1.0 11.93826
 1.0 11.7766
 1.0 11.40624
 1.0 12.53763
 1.0 13.86021
 1.0 13.94416
 1.0 12.93509
 1.0 13.26282
 1.0 12.44935
 1.0 10.95853
 1.0 10.85407
 2.0 9.4404
 1.0 9.64622
 1.0 7.47305
 1.0 7.20773
 2.0 8.62848
 1.0 8.26098
 1.0 6.09944
 1.0 12.29506
 1.0 13.69195
 1.0 12.90104
 1.0 13.68486
 1.0 13.82946
 1.0 14.5693
 1.0 14.91477
 1.0 13.69931
 1.0 14.28509
 1.0 13.24733
 1.0 12.43686
 1.0 11.50262
 1.0 10.84901
 1.0 10.06711
 1.0 9.64077
 1.0 8.76246
 1.0 9.65178
 1.0 10.07764
 1.0 10.84898
 1.0 12.03796
 1.0 11.68211
 1.0 10.95881
 1.0 11.93663
 1.0 13.26178
 1.0 13.17559
 1.0 12.78473
 1.0 13.85941
 1.0 15.22018
 1.0 15.34724
 1.0 14.3828
 1.0 14.73132
 1.0 13.94797
 1.0 12.44957
 1.0 12.29508
 1.0 10.85458
 1.0 10.96386
 2.0 9.64708
 1.0 8.76334
 3.0 10.08005
 1.0 10.26982
 1.0 9.76731
 1.0 7.62544
 1.0 8.26132
 2.0 8.0242
 1.0 12.51254
 1.0 13.83087
 1.0 12.98908
 1.0 13.82385
 1.0 14.13276
 1.0 14.90918
 1.0 15.39893
 1.0 14.27985
 1.0 14.99881
 1.0 14.06977
 1.0 13.25113
 1.0 12.44161
 1.0 11.77432
 1.0 10.84541
 1.0 10.37646
 1.0 9.64747
 1.0 10.68209
 1.0 11.13792
 1.0 11.77382
 1.0 12.9375
 1.0 12.54567
 1.0 11.67735
 1.0 12.53722
 1.0 13.86064
 1.0 13.72185
 1.0 13.17137
 1.0 14.16185
 1.0 15.54583
 1.0 15.62054
 1.0 14.72716
 1.0 15.22148
 1.0 14.51855
 1.0 13.02652
 1.0 12.93919
 1.0 11.51223
 2.0 11.68208
 1.0 10.38204
 1.0 9.64767
 1.0 9.44335
 2.0 10.85715
 1.0 10.96285
 1.0 10.5677
 1.0 9.10938
 1.0 8.25964
 1.0 8.76177
 2.0 8.62914
 1.0 13.49418
 1.0 14.77665
 1.0 13.82445
 1.0 14.55787
 1.0 14.90398
 2.0 15.79034
 1.0 16.30149
 1.0 15.19845
 1.0 15.92495
 1.0 15.00217
 1.0 14.29215
 1.0 13.48829
 1.0 12.93604
 1.0 12.03199
 1.0 11.67831
 1.0 10.96598
 1.0 11.95186
 1.0 12.29743
 1.0 12.93558
 1.0 14.16837
 1.0 13.86789
 1.0 13.02783
 1.0 13.85944
 1.0 15.22094
 1.0 15.14609
 1.0 14.59586
 1.0 15.54529
 1.0 16.95371
 1.0 17.0677
 1.0 16.20632
 1.0 16.70358
 1.0 16.01733
 1.0 14.51893
 1.0 14.38707
 1.0 12.93983
 2.0 13.03207
 1.0 11.68303
 1.0 10.96514
 1.0 10.85741
 1.0 12.29803
 1.0 12.45382
 1.0 12.04325
 1.0 10.56822
 1.0 9.7659
 1.0 10.2701
 1.0 10.08062
 1.0 13.91744
 1.0 15.11224
 1.0 14.12805
 1.0 14.8984
 1.0 15.38884
 1.0 16.29604
 1.0 16.92992
 1.0 15.91989
 1.0 16.75444
 1.0 15.92918
 1.0 15.21149
 1.0 14.5129
 1.0 13.94567
 1.0 12.93259
 1.0 12.54259
 1.0 11.94791
 1.0 13.03856
 1.0 13.41373
 1.0 13.94484
 1.0 15.14649
 1.0 14.81377
 1.0 13.86349
 1.0 14.59417
 2.0 15.94135
 1.0 15.821
 1.0 15.14205
 1.0 16.01056
 1.0 17.42568
 1.0 17.4922
 1.0 16.69959
 1.0 17.31757
 1.0 16.70342
 1.0 15.22185
 1.0 15.14755
 1.0 13.72428
 1.0 13.86746
 2.0 12.54675
 1.0 11.94666
 1.0 11.78204
 2.0 13.18024
 2.0 13.26724
 1.0 12.94306
 1.0 11.51633
 1.0 10.56665
 1.0 10.96363
 1.0 10.85819
 1.0 9.44424
 1.0 8.98191
 1.0 14.59607
 1.0 15.78894
 1.0 14.90139
 1.0 15.78192
 1.0 16.29351
 1.0 17.10787
 1.0 17.75656
 1.0 16.74979
 1.0 17.58917
 1.0 16.75845
 1.0 15.93232
 1.0 15.21554
 1.0 14.51595
 1.0 13.48827
 1.0 12.93603
 1.0 12.29699
 1.0 13.41726
 1.0 13.95006
 1.0 14.51516
 1.0 15.62381
 1.0 15.14852
 1.0 14.16584
 2.0 14.93384
 1.0 16.20515
 1.0 15.94136
 1.0 15.21693
 1.0 16.12968
 1.0 17.49079
 1.0 17.42393
 1.0 16.58139
 1.0 17.2486
 1.0 16.58525
 1.0 15.1437
 1.0 15.22277
 1.0 13.86366
 1.0 14.17071
 2.0 12.94157
 1.0 12.29781
 1.0 11.94457
 1.0 13.17814
 1.0 12.79127
 1.0 11.41405
 1.0 10.38071
 3.0 10.85614
 1.0 10.96413
 1.0 9.64681
 1.0 9.1097
 2.0 7.8767
 1.0 15.79301
 1.0 17.03883
 1.0 16.17111
 1.0 17.03134
 1.0 17.46246
 1.0 18.26788
 1.0 18.83596
 1.0 17.75939
 1.0 18.51165
 1.0 17.59234
 1.0 16.76142
 1.0 15.93618
 1.0 15.21918
 1.0 14.29644
 1.0 13.72068
 1.0 12.94121
 1.0 13.95504
 1.0 14.52131
 1.0 15.21879
 1.0 16.3278
 1.0 15.82472
 1.0 14.93833
 1.0 15.81644
 1.0 17.06791
 1.0 16.77152
 1.0 16.13245
 1.0 17.13257
 1.0 18.46203
 1.0 18.35654
 1.0 17.42569
 1.0 18.01894
 1.0 17.25054
 1.0 15.82047
 1.0 15.94501
 1.0 14.59987
 1.0 14.94388
 1.0 13.72733
 1.0 12.9435
 1.0 13.86827
 2.0 13.72672
 1.0 11.78251
 2.0 11.51563
 1.0 11.684
 1.0 10.38313
 1.0 9.64768
 1.0 8.40109
 1.0 7.47306
 2.0 6.28922
 5.0 4.57588
 1.0 16.58241
 1.0 17.81684
 1.0 17.03413
 1.0 17.98278
 1.0 18.43384
 1.0 19.15831
 1.0 19.74016
 1.0 18.67393
 1.0 19.43079
 1.0 18.51498
 1.0 17.59551
 1.0 16.76477
 1.0 15.93932
 1.0 15.00923
 1.0 14.29995
 1.0 13.49613
 1.0 14.52477
 1.0 15.22339
 1.0 15.93895
 1.0 16.95557
 1.0 16.32969
 1.0 15.42192
 1.0 16.32167
 1.0 17.49288
 1.0 17.06792
 1.0 16.39318
 1.0 17.42299
 1.0 18.6903
 1.0 18.46039
 1.0 17.4908
 2.0 18.12472
 1.0 17.31631
 1.0 15.94118
 1.0 16.2091
 1.0 14.94017
 1.0 15.42819
 1.0 14.30768
 1.0 13.50018
 1.0 14.1717
 1.0 13.86627
 1.0 13.26725
 1.0 11.94526
 1.0 10.96211
 1.0 11.6821
 1.0 12.04305
 1.0 10.85743
 1.0 10.07952
 2.0 8.98068
 1.0 8.02317
 2.0 6.28878
 2.0 5.56943
 1.0 17.11081
 1.0 18.26668
 1.0 17.45993
 1.0 18.42857
 1.0 18.99199
 1.0 19.73495
 1.0 20.41467
 1.0 19.42593
 1.0 20.26979
 1.0 19.43397
 1.0 18.51829
 1.0 17.77496
 1.0 16.95299
 1.0 15.93617
 1.0 15.21917
 1.0 14.52056
 1.0 15.63098
 1.0 16.32955
 1.0 16.95231
 1.0 17.95456
 1.0 17.3202
 1.0 16.3251
 1.0 17.13195
 1.0 18.29349
 1.0 17.84419
 1.0 17.06401
 1.0 18.01232
 1.0 19.28094
 1.0 19.0173
 1.0 18.12073
 1.0 18.85724
 1.0 16.76986
 1.0 17.07035
 1.0 15.82171
 1.0 16.33102
 1.0 15.22626
 1.0 14.52393
 1.0 13.95058
 1.0 15.14977
 1.0 14.81205
 1.0 14.30748
 1.0 13.03186
 1.0 11.94364
 1.0 12.54588
 1.0 12.94286
 1.0 11.78205
 1.0 11.13935
 1.0 10.07924
 1.0 8.02282
 1.0 7.47232
 1.0 16.01147
 1.0 17.1056
 1.0 16.28977
 1.0 17.27919
 1.0 17.92168
 1.0 18.66499
 1.0 19.42177
 1.0 18.50596
 1.0 19.42938
 1.0 18.68083
 1.0 17.76978
 1.0 17.13022
 1.0 16.32309
 1.0 15.21389
 1.0 14.51441
 1.0 13.94808
 1.0 15.15132
 1.0 15.82213
 1.0 16.32204
 1.0 17.31538
 1.0 16.70332
 1.0 15.62009
 1.0 16.31946
 1.0 17.49018
 1.0 17.06531
 1.0 16.20036
 1.0 17.06041
 1.0 18.35232
 1.0 18.11811
 1.0 17.30972
 1.0 18.1218
 1.0 17.49191
 1.0 16.1321
 1.0 16.39673
 2.0 15.1439
 1.0 15.62539
 1.0 14.52049
 1.0 13.95019
 1.0 13.41034
 1.0 14.60045
 1.0 14.30418
 1.0 13.94898
 1.0 12.6986
 1.0 11.51224
 1.0 11.94248
 1.0 12.29578
 1.0 11.13735
 1.0 10.67549
 2.0 7.20658
 2.0 5.20802
 1.0 15.19298
 1.0 16.29434
 1.0 15.38578
 1.0 16.28737
 1.0 16.92141
 1.0 17.7503
 1.0 18.50232
 1.0 17.58284
 1.0 18.51016
 1.0 17.76665
 1.0 16.94411
 1.0 16.31985
 1.0 15.62029
 1.0 14.51096
 1.0 13.94385
 1.0 13.41145
 1.0 14.60548
 1.0 15.14727
 1.0 15.6192
 1.0 16.7008
 1.0 16.20964
 1.0 15.14264
 1.0 15.81416
 1.0 17.06514
 1.0 16.76886
 1.0 15.93664
 1.0 16.76404
 1.0 18.1201
 1.0 18.0126
 1.0 17.24408
 1.0 18.016
 1.0 17.42664
 1.0 16.01265
 1.0 16.13554
 1.0 14.8081
 1.0 15.14719
 1.0 13.94878
 1.0 13.41178
 1.0 13.0293
 1.0 14.30573
 1.0 14.16854
 1.0 13.86565
 1.0 12.54496
 1.0 11.41089
 2.0 11.77944
 1.0 11.9441
 1.0 10.67523
 1.0 10.2682
 1.0 9.10725
 1.0 6.76182
 1.0 6.5878
 1.0 5.77228
 1.0 4.31134
 2.0 3.836
 3.0 2.48804
 1.0 14.5972
 1.0 14.90287
 1.0 15.78332
 1.0 16.29452
 1.0 17.10883
 1.0 17.75718
 1.0 16.75011
 1.0 17.58916
 1.0 16.75811
 1.0 15.93196
 1.0 15.2148
 1.0 14.51518
 1.0 13.48785
 1.0 12.93559
 1.0 12.29608
 1.0 13.416
 1.0 13.94885
 1.0 14.51439
 1.0 15.62309
 1.0 15.14778
 1.0 14.16544
 1.0 16.20514
 1.0 15.21729
 1.0 16.13036
 1.0 17.49141
 1.0 17.42455
 1.0 16.58172
 1.0 17.24859
 1.0 16.58491
 1.0 15.14333
 1.0 15.2224
 1.0 13.86325
 1.0 14.17031
 2.0 12.94113
 1.0 12.2969
 1.0 11.94363
 1.0 13.2664
 1.0 13.17728
 1.0 12.78996
 1.0 11.41258
 1.0 10.37963
 1.0 10.85562
 1.0 10.96362
 1.0 9.64623
 1.0 9.10847
 1.0 7.87528
 1.0 4.31199
 1.0 1.52602
 1.0 15.79651
 1.0 17.0424
 1.0 16.17487
 1.0 17.03524
 1.0 17.46626
 1.0 18.27152
 1.0 18.83949
 1.0 17.76282
 1.0 18.51494
 1.0 17.59549
 1.0 16.76439
 1.0 15.93896
 1.0 15.22173
 1.0 14.29915
 1.0 13.72309
 1.0 12.94334
 1.0 13.95702
 1.0 14.52359
 1.0 15.22133
 1.0 16.33017
 1.0 15.82681
 1.0 14.94054
 1.0 15.81888
 1.0 17.07017
 1.0 16.77349
 1.0 16.1345
 1.0 17.13482
 1.0 18.46413
 1.0 18.35834
 1.0 17.42727
 1.0 18.02047
 1.0 17.25182
 1.0 15.82186
 1.0 15.94674
 1.0 14.60176
 1.0 14.9461
 1.0 13.72974
 1.0 12.94563
 1.0 12.54851
 2.0 13.86986
 1.0 13.72792
 1.0 13.18107
 1.0 11.78344
 2.0 11.51706
 1.0 11.68589
 1.0 10.38526
 1.0 9.64939
 1.0 8.40306
 1.0 7.47528
 1.0 6.29186
 1.0 4.5783
 1.0 2.92445
 1.0 2.49585
 1.0 1.52963
 1.0 16.77031
 1.0 17.99108
 1.0 17.0354
 1.0 17.81042
 1.0 18.26605
 1.0 19.15943
 1.0 19.74153
 1.0 18.67598
 1.0 19.43306
 1.0 18.51796
 1.0 17.77427
 1.0 16.95296
 1.0 16.3285
 1.0 15.42135
 1.0 14.94129
 1.0 14.17468
 1.0 15.15771
 1.0 15.63094
 1.0 16.32813
 1.0 17.50002
 1.0 17.07703
 2.0 16.21081
 1.0 17.0687
 1.0 18.36169
 1.0 18.12915
 1.0 17.49491
 1.0 18.46322
 1.0 19.82094
 1.0 19.76168
 1.0 18.85897
 1.0 19.44878
 1.0 18.69756
 1.0 17.25246
 1.0 17.32254
 1.0 15.94761
 1.0 16.21593
 1.0 14.94721
 1.0 14.17598
 1.0 13.87025
 1.0 15.22988
 1.0 15.15195
 1.0 14.60556
 1.0 13.18233
 1.0 12.29802
 1.0 12.94435
 1.0 13.03548
 1.0 11.68588
 1.0 10.9669
 1.0 9.64968
 1.0 8.76524
 1.0 7.47527
 1.0 6.76715
 1.0 5.57241
 1.0 3.52571
 1.0 2.92443
 1.0 2.49361
 1.0 17.28961
 1.0 18.43321
 1.0 17.45768
 1.0 18.25693
 1.0 18.82578
 1.0 19.73267
 1.0 20.41274
 1.0 19.42476
 1.0 20.26895
 1.0 19.43396
 1.0 18.68541
 1.0 17.94993
 1.0 17.31684
 1.0 16.32219
 1.0 15.82067
 1.0 15.15093
 1.0 16.21859
 1.0 16.70782
 1.0 17.31617
 1.0 18.46702
 1.0 18.02406
 1.0 17.06971
 1.0 17.8423
 1.0 19.1232
 1.0 18.85914
 1.0 18.12224
 1.0 19.01742
 1.0 20.37597
 1.0 20.28016
 1.0 19.44206
 1.0 20.1307
 1.0 19.44635
 1.0 18.01862
 1.0 18.12853
 1.0 16.77381
 1.0 17.07456
 1.0 15.82608
 1.0 15.15177
 1.0 14.8139
 1.0 16.14173
 1.0 16.01993
 1.0 15.55477
 1.0 14.17264
 1.0 13.17854
 1.0 13.7267
 1.0 13.86866
 1.0 12.54718
 1.0 11.94618
 1.0 10.67756
 1.0 8.40073
 1.0 7.87739
 2.0 6.7651
 1.0 5.5699
 1.0 4.57647
 1.0 3.52255
 1.0 2.92062
 1.0 18.35351
 1.0 19.47372
 1.0 18.42704
 1.0 19.14509
 1.0 19.72804
 1.0 20.70799
 1.0 21.39366
 1.0 20.41576
 1.0 21.25742
 1.0 20.42546
 1.0 19.75428
 1.0 19.01998
 1.0 18.46615
 1.0 17.4921
 1.0 17.07102
 1.0 16.40577
 1.0 17.44155
 1.0 17.85356
 1.0 18.46552
 1.0 19.66759
 1.0 19.29276
 1.0 18.36171
 1.0 19.12219
 1.0 20.43685
 1.0 20.22846
 1.0 19.50314
 1.0 20.37542
 1.0 21.75621
 1.0 21.70224
 1.0 20.88425
 1.0 21.56315
 1.0 20.88878
 1.0 19.44721
 1.0 19.50955
 1.0 18.1296
 1.0 18.36622
 1.0 17.07586
 1.0 16.40586
 1.0 16.14242
 1.0 17.50253
 1.0 17.43477
 1.0 16.96289
 1.0 15.5562
 1.0 14.6029
 1.0 15.15067
 1.0 15.2286
 1.0 13.86885
 1.0 13.26953
 1.0 11.94664
 1.0 10.96462
 1.0 9.64737
 1.0 9.1109
 1.0 6.76509
 2.0 5.5704
 1.0 4.31455
 3.0 3.83961
 1.0 3.83889
 1.0 19.48086
 1.0 20.65274
 1.0 19.62876
 1.0 20.34261
 1.0 20.85559
 1.0 21.82106
 1.0 22.43878
 1.0 21.39991
 1.0 22.16988
 1.0 21.26423
 1.0 20.58276
 1.0 19.76161
 1.0 19.18882
 1.0 18.29531
 1.0 17.84979
 1.0 17.07885
 1.0 18.0338
 1.0 18.47472
 1.0 19.1885
 1.0 20.38649
 1.0 19.98612
 1.0 19.12888
 1.0 19.97691
 1.0 21.27558
 1.0 21.03842
 1.0 20.37965
 1.0 21.3254
 1.0 22.68278
 2.0 22.59651
 1.0 21.70506
 1.0 22.32474
 1.0 21.56637
 1.0 20.1347
 1.0 20.23366
 1.0 18.86546
 1.0 19.13394
 1.0 17.85551
 1.0 17.08008
 1.0 16.78076
 1.0 18.13603
 1.0 18.02741
 1.0 17.43842
 1.0 16.02495
 1.0 15.15213
 1.0 15.82853
 1.0 15.95214
 1.0 14.60651
 1.0 13.87185
 1.0 12.55049
 1.0 11.68587
 1.0 10.38524
 1.0 9.65053
 1.0 8.40437
 2.0 7.47526
 1.0 6.29184
 1.0 5.57139
 1.0 5.2112
 1.0 4.57707
 1.0 4.31327
 1.0 20.12516
 1.0 21.29797
 1.0 20.3444
 1.0 21.1444
 1.0 21.67454
 1.0 22.57087
 1.0 23.2024
 1.0 22.16435
 1.0 22.94281
 1.0 22.03376
 1.0 21.26763
 1.0 20.43608
 1.0 19.76526
 1.0 18.85768
 1.0 18.29895
 1.0 17.50355
 1.0 18.47894
 1.0 19.03223
 1.0 19.76495
 1.0 20.89305
 1.0 20.38868
 1.0 19.509
 1.0 20.37911
 1.0 21.61785
 1.0 21.27532
 1.0 20.58625
 1.0 21.55876
 1.0 22.86834
 1.0 22.68033
 1.0 21.75697
 1.0 22.41007
 1.0 21.61913
 1.0 20.22981
 1.0 20.44255
 1.0 19.13016
 1.0 19.51467
 1.0 18.30559
 1.0 17.50618
 1.0 17.07845
 1.0 18.36954
 1.0 18.13434
 1.0 17.50506
 1.0 16.14584
 1.0 15.22877
 1.0 15.95022
 1.0 16.21713
 1.0 14.94757
 1.0 14.17617
 1.0 12.94626
 1.0 12.04532
 1.0 10.85995
 1.0 10.08335
 1.0 8.98498
 1.0 8.02591
 1.0 7.04827
 1.0 6.29051
 1.0 4.57828
 1.0 4.97943
 1.0 21.3045
 1.0 22.51933
 1.0 21.58319
 1.0 22.37365
 1.0 22.8419
 1.0 23.72739
 1.0 24.2975
 1.0 23.20815
 1.0 23.9208
 1.0 22.94911
 1.0 22.17966
 1.0 21.27444
 1.0 20.5933
 1.0 19.76269
 1.0 19.18994
 1.0 18.30626
 1.0 19.20127
 1.0 19.77368
 1.0 20.59327
 1.0 21.71454
 1.0 21.19291
 1.0 20.38553
 1.0 21.32918
 1.0 22.55047
 1.0 22.18717
 1.0 21.56289
 1.0 23.88186
 1.0 23.66895
 1.0 22.68326
 1.0 23.27752
 1.0 22.41342
 1.0 21.03959
 1.0 21.28105
 1.0 19.98482
 1.0 20.39164
 1.0 19.19729
 1.0 18.30983
 1.0 17.85768
 1.0 19.13698
 1.0 18.87002
 1.0 18.13816
 1.0 16.78389
 1.0 15.95195
 1.0 16.78142
 1.0 17.08106
 1.0 15.83168
 1.0 14.95054
 1.0 13.73336
 1.0 12.94733
 2.0 11.78673
 2.0 10.86301
 1.0 9.77271
 1.0 8.98528
 1.0 8.02763
 2.0 6.76591
 1.0 5.57239
 1.0 5.21119
 1.0 4.97942
 1.0 6.28699
 1.0 6.76428
 1.0 22.03649
 1.0 23.2464
 1.0 22.37515
 1.0 23.239
 1.0 23.72319
 1.0 24.54551
 1.0 25.12822
 1.0 24.04429
 1.0 24.76451
 1.0 23.79471
 1.0 22.95226
 1.0 22.04361
 1.0 21.27783
 1.0 20.43686
 1.0 19.76607
 1.0 18.86831
 1.0 19.77749
 1.0 20.44789
 1.0 21.2778
 1.0 22.33023
 1.0 21.71635
 1.0 20.89172
 1.0 21.84885
 1.0 23.00896
 1.0 22.54999
 1.0 21.90043
 1.0 22.95249
 1.0 24.18683
 1.0 23.8793
 1.0 22.86906
 1.0 23.49185
 1.0 22.60192
 1.0 21.277
 1.0 21.62375
 1.0 20.38769
 1.0 20.89834
 1.0 19.77419
 2.0 18.87311
 1.0 18.30801
 1.0 19.51808
 1.0 19.13509
 1.0 18.37195
 1.0 17.08202
 1.0 16.21729
 1.0 17.07894
 1.0 17.50697
 1.0 16.33796
 1.0 15.43571
 1.0 14.31444
 1.0 13.50446
 1.0 12.4587
 1.0 11.52186
 1.0 10.57399
 1.0 9.77128
 1.0 8.98559
 1.0 8.40337
 1.0 7.47377
 1.0 6.29228
 1.0 5.5714
 1.0 5.20747
 1.0 6.58738
 1.0 23.25239
 1.0 24.49732
 1.0 23.63882
 1.0 24.48984
 1.0 24.91914
 1.0 25.73389
 1.0 26.26122
 1.0 25.13354
 1.0 25.7938
 1.0 24.77035
 1.0 23.92987
 1.0 22.95857
 1.0 22.18945
 1.0 21.42017
 1.0 20.74383
 1.0 19.77283
 1.0 20.60518
 1.0 21.28604
 1.0 22.18967
 1.0 23.23462
 1.0 22.61079
 1.0 21.85496
 1.0 22.87367
 1.0 24.0169
 1.0 23.54443
 1.0 22.95648
 1.0 24.05921
 1.0 25.27039
 1.0 24.94494
 1.0 23.88233
 1.0 24.44802
 1.0 23.49527
 1.0 22.18866
 1.0 22.55613
 1.0 21.33764
 1.0 21.86193
 1.0 20.75251
 1.0 19.7784
 1.0 19.19931
 1.0 20.39476
 1.0 19.98954
 1.0 19.139
 1.0 17.86093
 1.0 17.08088
 1.0 18.03063
 1.0 18.47886
 1.0 17.33055
 1.0 16.34084
 1.0 15.23514
 1.0 14.53001
 1.0 13.5061
 1.0 12.4616
 1.0 11.52355
 1.0 10.08527
 1.0 9.65052
 1.0 8.76427
 1.0 7.476
 1.0 6.58779
 1.0 8.02073
 1.0 8.6272
 1.0 8.76239
 1.0 24.05423
 1.0 25.29033
 1.0 24.49111
 1.0 25.40532
 1.0 25.84972
 1.0 26.60702
 1.0 27.14624
 1.0 26.02713
 1.0 26.69463
 1.0 25.67691
 1.0 24.77327
 1.0 23.80383
 1.0 22.96172
 1.0 22.18405
 1.0 21.42329
 1.0 20.44667
 1.0 21.28946
 1.0 22.05494
 1.0 22.96194
 1.0 23.94102
 1.0 23.23608
 1.0 22.46643
 1.0 23.4915
 1.0 24.57453
 1.0 24.01622
 1.0 23.40679
 1.0 24.52075
 1.0 25.67993
 1.0 25.26775
 1.0 24.18752
 1.0 24.77775
 1.0 23.8059
 1.0 22.55195
 1.0 23.01499
 1.0 21.85787
 1.0 22.47383
 1.0 21.43261
 1.0 20.45327
 1.0 19.77643
 1.0 20.90179
 1.0 20.39272
 1.0 19.52035
 1.0 18.31165
 1.0 17.50712
 1.0 18.47661
 1.0 19.03699
 1.0 17.9678
 1.0 16.96976
 1.0 15.95665
 1.0 15.23369
 1.0 14.31482
 1.0 13.2758
 1.0 12.46205
 1.0 11.78791
 1.0 11.1453
 2.0 10.68067
 1.0 9.6488
 1.0 8.4047
 1.0 7.47452
 1.0 7.20619
 1.0 8.62591
 1.0 9.44247
 1.0 9.64709
 1.0 8.40074
 2.0 7.8774
 2.0 7.62726
 1.0 7.47417
 1.0 24.54588
 1.0 25.72766
 1.0 24.91148
 1.0 25.84049
 1.0 26.36599
 1.0 27.13724
 1.0 27.75016
 1.0 26.68599
 1.0 27.42246
 1.0 26.4626
 1.0 25.55664
 1.0 24.65009
 1.0 23.8056
 1.0 22.95519
 1.0 22.1862
 1.0 21.28177
 1.0 22.19788
 1.0 22.96646
 1.0 23.80557
 1.0 24.78248
 1.0 24.07033
 1.0 23.22819
 1.0 24.18846
 1.0 25.27217
 1.0 24.69849
 1.0 24.00952
 1.0 25.06541
 1.0 26.22995
 1.0 25.79664
 1.0 24.77126
 1.0 25.4396
 1.0 24.52609
 1.0 23.27776
 1.0 23.75917
 1.0 22.60598
 1.0 23.23534
 1.0 22.19506
 1.0 21.28784
 1.0 20.60095
 2.0 21.71913
 1.0 21.19327
 1.0 20.39381
 1.0 19.19989
 1.0 18.30741
 1.0 19.19586
 2.0 19.7749
 1.0 18.70647
 2.0 17.79408
 1.0 16.78456
 2.0 15.95352
 1.0 15.02711
 2.0 14.09655
 1.0 13.27475
 2.0 12.45848
 1.0 11.14131
 1.0 10.08032
 1.0 8.02557
 2.0 8.75954
 1.0 10.07923
 1.0 8.98066
 1.0 25.42921
 1.0 26.60046
 1.0 25.72151
 1.0 26.59284
 1.0 27.13254
 1.0 27.96598
 1.0 28.58843
 1.0 27.52883
 1.0 28.27094
 1.0 27.31284
 1.0 26.46564
 1.0 25.56134
 1.0 24.7796
 1.0 23.93118
 1.0 23.22832
 1.0 22.33177
 1.0 23.24007
 1.0 23.94258
 1.0 24.77957
 1.0 25.80989
 1.0 25.15792
 1.0 24.32135
 1.0 25.27052
 1.0 26.39805
 1.0 25.87944
 1.0 25.19179
 1.0 26.22953
 1.0 27.42957
 1.0 27.04417
 1.0 26.03817
 1.0 26.70402
 1.0 25.80525
 1.0 24.52711
 1.0 24.95353
 1.0 23.76034
 1.0 24.32818
 1.0 23.23666
 1.0 22.33706
 1.0 22.88449
 1.0 22.42061
 1.0 21.63069
 1.0 20.39504
 1.0 19.51737
 1.0 20.39124
 1.0 20.90021
 1.0 16.96682
 1.0 15.02877
 1.0 13.27245
 1.0 11.78413
 1.0 10.85841
 1.0 9.77015
 1.0 8.98343
 1.0 8.39975
 1.0 9.64507
 1.0 10.38124
 2.0 10.8574
 1.0 9.76674
 1.0 8.98097
 1.0 26.60663
 1.0 27.81204
 1.0 26.94345
 1.0 27.80455
 1.0 28.29419
 1.0 29.12137
 1.0 29.69393
 1.0 28.59388
 1.0 29.28297
 1.0 28.27685
 1.0 27.43108
 1.0 26.47185
 1.0 25.68754
 1.0 24.90092
 1.0 24.19409
 1.0 23.23467
 1.0 24.07728
 1.0 24.78754
 1.0 25.68773
 1.0 26.71234
 1.0 26.0529
 1.0 25.27624
 1.0 26.27958
 1.0 27.39408
 1.0 26.86554
 1.0 26.23302
 1.0 27.31649
 1.0 28.49805
 1.0 28.09944
 1.0 27.04663
 1.0 27.66055
 1.0 26.70683
 1.0 25.44353
 1.0 25.88522
 1.0 24.70566
 1.0 25.28336
 1.0 24.20291
 2.0 23.24059
 1.0 22.61273
 1.0 23.76699
 1.0 23.28706
 1.0 22.42394
 1.0 21.19798
 1.0 20.39273
 1.0 21.34
 1.0 21.86271
 1.0 20.75226
 1.0 19.77742
 1.0 18.70913
 1.0 17.96718
 1.0 16.96796
 2.0 15.9563
 1.0 15.03006
 1.0 14.31404
 1.0 13.50548
 1.0 12.94582
 1.0 12.04439
 1.0 10.86097
 1.0 10.08169
 1.0 9.64564
 1.0 10.96209
 1.0 12.04302
 1.0 9.64795
 1.0 9.11122
 1.0 5.57041
 1.0 26.15194
 1.0 27.40617
 1.0 26.55349
 1.0 27.39887
 1.0 27.81202
 1.0 28.62618
 1.0 29.12861
 1.0 27.97829
 1.0 28.60087
 1.0 27.54134
 1.0 26.70109
 1.0 25.68406
 2.0 24.90583
 1.0 24.19016
 2.0 23.49469
 1.0 22.47053
 1.0 23.24076
 1.0 23.94382
 1.0 24.90625
 1.0 25.93186
 1.0 25.28238
 1.0 24.57622
 1.0 25.63768
 1.0 26.74996
 1.0 26.23778
 1.0 25.68058
 2.0 26.81562
 1.0 27.99065
 1.0 27.61268
 1.0 26.51104
 1.0 27.05114
 1.0 26.04508
 1.0 24.77931
 1.0 25.20202
 1.0 24.02117
 1.0 24.58355
 1.0 23.5039
 1.0 22.47691
 2.0 21.86243
 1.0 23.02066
 1.0 22.55908
 1.0 21.6308
 1.0 20.39516
 1.0 19.67559
 1.0 20.69352
 1.0 21.19576
 1.0 20.08715
 1.0 19.03741
 1.0 17.9684
 1.0 17.32942
 1.0 16.33879
 1.0 15.23441
 1.0 14.31579
 1.0 13.73274
 1.0 12.94796
 1.0 12.55003
 1.0 11.68396
 1.0 10.38496
 1.0 9.64707
 1.0 10.85382
 1.0 11.51368
 1.0 11.68207
 1.0 10.38122
 1.0 9.6465
 1.0 9.44393
 1.0 8.9822
 1.0 7.62762
 2.0 6.59074
 1.0 25.2932
 1.0 26.55912
 1.0 25.76885
 1.0 26.66853
 1.0 27.06411
 1.0 27.81651
 1.0 28.30584
 1.0 27.149
 1.0 27.76216
 1.0 26.69816
 1.0 25.80016
 1.0 24.7772
 1.0 23.93685
 1.0 23.22481
 1.0 22.46468
 1.0 21.42719
 1.0 22.19859
 1.0 22.96775
 1.0 23.93729
 1.0 24.90937
 1.0 24.20027
 1.0 24.57145
 1.0 25.6392
 1.0 25.07337
 1.0 24.52143
 1.0 25.67754
 1.0 26.3915
 1.0 25.26741
 1.0 25.8034
 1.0 24.77808
 1.0 23.54312
 1.0 24.01978
 1.0 22.87974
 1.0 23.50236
 1.0 22.47443
 1.0 21.4344
 1.0 20.75183
 1.0 21.33958
 1.0 20.39393
 1.0 19.20002
 1.0 18.47584
 1.0 19.51637
 1.0 20.08673
 1.0 19.03595
 1.0 17.96809
 2.0 16.96909
 1.0 16.33828
 1.0 15.43516
 1.0 14.31539
 1.0 13.50712
 1.0 12.94731
 1.0 12.30251
 1.0 11.94778
 1.0 10.96384
 1.0 9.64879
 1.0 8.76142
 1.0 8.62333
 1.0 10.07399
 1.0 10.85356
 1.0 10.96183
 1.0 9.64477
 1.0 9.10846
 1.0 8.97972
 1.0 8.7627
 2.0 7.47304
 2.0 4.98165
 1.0 3.83744
 1.0 26.15236
 1.0 27.40687
 1.0 26.67052
 1.0 27.62518
 1.0 28.0353
 1.0 28.73554
 1.0 29.23638
 1.0 28.09028
 1.0 28.71072
 1.0 27.6552
 1.0 26.70223
 1.0 25.68503
 1.0 24.78158
 1.0 24.06198
 1.0 23.22912
 1.0 22.19245
 1.0 22.97237
 1.0 23.81443
 1.0 24.78199
 1.0 25.69225
 1.0 24.91206
 1.0 24.19476
 1.0 25.27225
 1.0 26.28221
 1.0 25.63986
 1.0 25.06916
 1.0 26.23057
 1.0 27.31729
 1.0 26.81438
 1.0 25.67884
 1.0 26.23628
 1.0 25.19805
 1.0 24.01712
 1.0 24.57948
 1.0 23.49976
 1.0 24.20278
 1.0 23.23939
 2.0 22.20054
 1.0 21.43389
 1.0 22.47641
 1.0 21.86192
 1.0 20.90311
 1.0 19.77937
 1.0 19.0361
 1.0 20.0859
 1.0 20.75305
 2.0 19.77699
 1.0 18.71016
 1.0 17.79656
 1.0 17.15052
 1.0 16.33998
 1.0 15.23605
 2.0 14.53268
 1.0 13.9579
 1.0 13.41981
 1.0 13.03544
 1.0 11.94662
 1.0 9.64794
 1.0 9.44011
 1.0 10.85279
 1.0 11.94478
 1.0 10.67651
 1.0 10.27035
 1.0 10.07922
 1.0 9.96443
 1.0 8.76365
 1.0 6.29008
 1.0 26.60704
 1.0 27.81273
 1.0 27.05869
 1.0 28.02738
 1.0 28.51349
 1.0 29.22878
 1.0 29.79956
 1.0 28.70337
 1.0 29.39017
 1.0 28.38765
 1.0 27.43218
 1.0 26.47278
 1.0 25.56719
 1.0 24.77653
 1.0 23.93651
 1.0 22.96609
 1.0 23.81855
 1.0 24.66269
 1.0 25.56738
 1.0 26.48
 1.0 25.69401
 1.0 25.92351
 1.0 26.93792
 1.0 26.28244
 1.0 25.63532
 1.0 26.74291
 1.0 27.83756
 1.0 27.31607
 1.0 26.23216
 1.0 26.8649
 2.0 25.8822
 1.0 24.70251
 1.0 25.28006
 1.0 24.19946
 1.0 24.91361
 1.0 23.94634
 1.0 22.97365
 1.0 22.19904
 1.0 23.2407
 1.0 22.61297
 1.0 21.72346
 1.0 20.60672
 1.0 20.75185
 1.0 21.43416
 1.0 20.45245
 1.0 19.46289
 1.0 18.54429
 1.0 17.79485
 1.0 15.95786
 1.0 15.2366
 1.0 14.53
 1.0 13.9581
 1.0 13.4165
 1.0 12.29913
 1.0 11.1438
 1.0 10.08252
 1.0 9.64535
 1.0 10.96108
 1.0 11.94386
 1.0 12.29779
 1.0 11.13982
 1.0 10.67808
 1.0 10.27008
 1.0 8.98158
 1.0 7.62689
 1.0 5.21013
 1.0 25.42964
 1.0 26.60118
 1.0 25.8422
 1.0 26.82574
 1.0 27.36115
 1.0 28.07781
 1.0 28.69813
 1.0 27.64253
 1.0 28.38196
 1.0 27.42753
 1.0 26.46678
 1.0 25.56231
 1.0 24.65481
 1.0 23.80171
 1.0 22.9599
 1.0 22.05219
 1.0 22.97191
 1.0 23.81329
 1.0 24.65478
 1.0 25.56934
 1.0 24.78607
 1.0 23.93616
 1.0 24.90001
 1.0 25.92437
 1.0 25.27359
 1.0 24.56876
 1.0 25.63163
 1.0 26.7427
 1.0 26.2293
 1.0 25.19111
 1.0 25.87898
 1.0 24.95084
 2.0 23.75752
 1.0 24.32519
 2.0 23.23354
 1.0 23.94368
 2.0 22.9693
 1.0 22.05918
 1.0 21.28808
 1.0 22.33741
 1.0 21.71963
 1.0 20.90364
 1.0 19.77979
 1.0 18.8731
 1.0 19.77489
 1.0 20.4515
 1.0 19.46004
 1.0 18.54324
 1.0 17.62068
 1.0 16.78421
 1.0 15.95472
 1.0 15.03042
 1.0 14.31656
 1.0 13.50506
 1.0 12.94774
 1.0 12.29935
 1.0 11.1403
 1.0 10.08361
 1.0 8.98435
 1.0 8.39941
 1.0 9.64392
 1.0 10.67496
 1.0 11.13932
 1.0 10.07977
 1.0 9.64736
 1.0 9.10877
 1.0 8.98034
 1.0 8.0228
 1.0 6.58947
 1.0 5.77468
 1.0 4.31391
 1.0 24.67368
 1.0 25.84993
 1.0 25.16094
 1.0 26.20011
 1.0 26.71896
 1.0 27.36743
 1.0 27.97571
 1.0 26.92025
 1.0 27.65088
 1.0 26.69902
 1.0 25.68048
 1.0 24.77823
 1.0 23.80792
 1.0 22.95723
 1.0 22.04762
 1.0 21.137
 1.0 22.05963
 1.0 22.96874
 1.0 23.80789
 1.0 24.65951
 1.0 23.81351
 1.0 22.96147
 1.0 23.93243
 1.0 24.90314
 1.0 24.1927
 1.0 23.48855
 1.0 24.56673
 1.0 25.63315
 1.0 25.06606
 1.0 24.00985
 1.0 24.69914
 1.0 22.60425
 1.0 22.19317
 1.0 22.05755
 1.0 21.14482
 1.0 20.30083
 1.0 21.28952
 1.0 20.60269
 1.0 19.7798
 1.0 18.71298
 1.0 17.79547
 1.0 18.70765
 1.0 19.46148
 1.0 18.5428
 1.0 17.62226
 1.0 16.78802
 1.0 15.23496
 1.0 14.31831
 1.0 13.7376
 1.0 12.94947
 1.0 12.55402
 1.0 11.94895
 1.0 10.67937
 1.0 9.65283
 1.0 8.4057
 1.0 7.876
 1.0 9.10665
 2.0 10.26847
 1.0 10.67835
 1.0 9.64881
 1.0 9.44599
 1.0 8.98128
 1.0 9.1103
 1.0 8.26266
 1.0 6.10308
 1.0 4.57708
 1.0 24.18451
 1.0 25.41461
 1.0 24.74482
 1.0 25.77113
 1.0 26.20975
 1.0 26.84177
 1.0 27.37677
 1.0 26.26727
 1.0 26.92923
 1.0 25.9205
 1.0 24.9009
 1.0 23.9364
 1.0 22.96389
 1.0 22.18592
 1.0 21.27936
 1.0 20.29554
 1.0 21.14488
 1.0 22.05708
 1.0 22.9641
 1.0 23.81336
 1.0 22.96945
 1.0 22.19005
 1.0 23.22732
 1.0 24.19429
 1.0 23.49505
 1.0 22.87137
 1.0 24.01008
 1.0 25.06927
 1.0 24.52052
 1.0 23.40619
 1.0 24.01597
 1.0 23.01233
 1.0 21.85519
 1.0 22.47123
 1.0 21.43001
 1.0 22.19817
 1.0 21.28978
 1.0 20.30397
 1.0 19.46304
 1.0 20.45435
 1.0 19.77741
 1.0 18.87707
 1.0 17.79968
 1.0 16.97025
 1.0 17.9681
 1.0 18.71062
 1.0 17.79688
 1.0 16.78902
 1.0 15.95995
 1.0 15.23624
 1.0 13.51083
 1.0 12.95398
 1.0 12.30568
 1.0 11.95407
 1.0 11.5209
 1.0 10.27305
 1.0 9.11578
 1.0 7.88093
 1.0 8.97789
 1.0 10.07841
 1.0 10.27145
 1.0 9.11152
 1.0 8.98376
 1.0 8.76366
 3.0 8.98314
 1.0 8.02593
 3.0 6.59202
 1.0 5.77758
 2.0 4.31586
 1.0 3.8418
 1.0 2.49251
 2.0 4.57528
 1.0 25.42074
 1.0 26.68114
 1.0 26.01363
 1.0 27.02064
 1.0 27.41154
 1.0 28.04461
 1.0 28.53042
 1.0 27.38266
 1.0 27.99111
 1.0 26.93574
 1.0 25.92607
 1.0 24.90783
 1.0 23.94231
 1.0 23.23007
 1.0 22.33109
 1.0 21.28656
 1.0 22.06339
 1.0 22.97308
 1.0 23.94275
 1.0 24.79018
 1.0 23.94799
 1.0 23.23427
 1.0 24.32279
 1.0 25.27885
 1.0 24.57859
 1.0 24.01493
 1.0 25.19441
 1.0 26.23554
 1.0 25.68122
 1.0 24.52471
 1.0 25.07691
 1.0 24.02071
 1.0 22.88059
 1.0 23.50319
 1.0 22.47518
 1.0 23.24262
 1.0 22.34189
 1.0 21.29552
 1.0 20.45707
 1.0 21.43882
 1.0 20.75626
 1.0 19.78289
 1.0 18.7161
 1.0 17.97181
 1.0 19.03961
 1.0 19.78149
 1.0 18.8784
 1.0 17.80109
 1.0 16.97565
 1.0 16.34424
 1.0 15.64081
 1.0 14.53689
 1.0 13.96528
 1.0 13.42355
 1.0 13.04249
 1.0 12.70733
 1.0 11.52018
 1.0 10.27712
 1.0 9.11397
 1.0 8.97975
 1.0 10.38044
 1.0 11.41431
 1.0 11.51827
 1.0 10.2728
 1.0 10.08309
 1.0 9.96556
 1.0 10.08254
 3.0 8.98438
 1.0 7.62909
 2.0 6.59328
 1.0 5.21175
 1.0 2.9216
 3.0 3.521
 2.0 4.57467
 1.0 4.312
 1.0 3.83746
 1.0 26.39295
 1.0 27.63695
 1.0 27.02147
 1.0 28.07531
 1.0 28.47944
 1.0 29.06281
 1.0 29.55858
 1.0 28.42517
 1.0 29.03893
 1.0 27.99549
 1.0 26.93914
 1.0 25.93092
 1.0 24.91163
 1.0 24.19544
 1.0 23.23367
 1.0 22.19684
 1.0 22.97721
 1.0 23.94951
 1.0 24.91205
 1.0 25.69766
 1.0 24.79244
 1.0 24.071
 1.0 25.1539
 1.0 26.04988
 1.0 25.27896
 1.0 24.69948
 1.0 25.87748
 1.0 26.86335
 1.0 26.23364
 1.0 25.07204
 1.0 25.6431
 1.0 24.58005
 1.0 23.50024
 1.0 24.20324
 1.0 23.23975
 1.0 24.07963
 1.0 23.24489
 1.0 22.20655
 1.0 21.29474
 1.0 22.20468
 1.0 21.43804
 1.0 20.45964
 1.0 19.47003
 1.0 18.71373
 1.0 19.78023
 1.0 20.60863
 1.0 19.78262
 1.0 18.71625
 1.0 17.97614
 1.0 17.33583
 1.0 16.72069
 1.0 15.64383
 1.0 15.16531
 1.0 14.6143
 1.0 14.31929
 1.0 13.95851
 1.0 12.70515
 1.0 11.52357
 1.0 10.27524
 1.0 10.0787
 1.0 11.41212
 1.0 12.54697
 1.0 12.70342
 1.0 11.51923
 2.0 11.41844
 1.0 11.24535
 2.0 11.41722
 1.0 10.38606
 1.0 5.77806
 3.0 5.56843
 1.0 4.98168
 1.0 3.83964
 1.0 27.64269
 1.0 28.91347
 1.0 28.29788
 1.0 29.33247
 1.0 29.69389
 1.0 30.27992
 1.0 30.73132
 1.0 29.56413
 1.0 30.12947
 1.0 29.04507
 1.0 28.00055
 1.0 26.94566
 1.0 25.93627
 1.0 25.27939
 1.0 24.32851
 1.0 23.24039
 1.0 23.95509
 1.0 24.92054
 1.0 25.93688
 1.0 26.72178
 1.0 25.82214
 1.0 25.16053
 1.0 26.28717
 1.0 27.17461
 1.0 26.40687
 1.0 27.09475
 1.0 28.06568
 1.0 27.43501
 1.0 26.23787
 1.0 26.75556
 1.0 25.64787
 1.0 24.58333
 1.0 25.2873
 1.0 24.33478
 1.0 25.16935
 1.0 24.34003
 1.0 23.2505
 1.0 22.34624
 1.0 23.24859
 2.0 22.48272
 2.0 21.44348
 1.0 20.46345
 1.0 19.78402
 1.0 20.90738
 1.0 21.72885
 2.0 20.9099
 1.0 19.78669
 1.0 19.04734
 1.0 18.48592
 1.0 17.86685
 1.0 16.72468
 1.0 16.23013
 1.0 15.76536
 1.0 15.44201
 1.0 15.1589
 1.0 13.95732
 1.0 12.7091
 1.0 11.52141
 1.0 11.41407
 1.0 12.79041
 1.0 13.86887
 1.0 13.95535
 1.0 12.70473
 1.0 12.55183
 1.0 12.45694
 1.0 12.55073
 1.0 10.08227
 1.0 7.62872
 1.0 5.21122
 1.0 6.28745
 2.0 5.20963
 1.0 4.31588
 2.0 2.92066
 1.0 28.64785
 1.0 29.90173
 1.0 29.33306
 1.0 30.40903
 1.0 30.78344
 1.0 31.32455
 1.0 31.78593
 1.0 30.63372
 1.0 31.20497
 1.0 30.13365
 1.0 29.04813
 1.0 28.00514
 1.0 26.94907
 1.0 26.2876
 1.0 25.28259
 1.0 24.20546
 1.0 24.92414
 1.0 25.94334
 1.0 26.94966
 1.0 27.6781
 1.0 26.72357
 1.0 26.05458
 1.0 27.17246
 1.0 28.00433
 1.0 27.17442
 1.0 26.63536
 1.0 27.84274
 1.0 28.76152
 1.0 28.0636
 1.0 26.86594
 1.0 27.40045
 1.0 26.29077
 1.0 25.28412
 1.0 26.05862
 1.0 25.16627
 1.0 26.06363
 1.0 25.29445
 1.0 24.21621
 1.0 23.24943
 1.0 24.08586
 1.0 23.24752
 1.0 22.20956
 1.0 21.30139
 1.0 20.61146
 1.0 21.72732
 1.0 22.62207
 2.0 21.8721
 1.0 20.76389
 2.0 20.09918
 1.0 19.52776
 2.0 18.98363
 1.0 17.86981
 2.0 17.45228
 1.0 16.97467
 1.0 16.72119
 1.0 16.41228
 1.0 15.15653
 1.0 13.96072
 1.0 12.70693
 1.0 12.5472
 1.0 13.86667
 1.0 15.02307
 1.0 15.15471
 1.0 13.95634
 1.0 13.87327
 1.0 13.73055
 1.0 13.87166
 1.0 12.79605
 1.0 10.38633
 1.0 8.02662
 1.0 6.76347
 2.0 7.4712
 1.0 6.76224
 1.0 6.59077
 1.0 5.77712
 1.0 4.31523
 1.0 28.0884
 1.0 29.34016
 1.0 28.84123
 1.0 29.96104
 1.0 30.31525
 1.0 30.78903
 1.0 31.23334
 1.0 30.08544
 1.0 30.64145
 1.0 29.57563
 1.0 28.44132
 1.0 27.4032
 1.0 26.29322
 1.0 25.64527
 1.0 24.58221
 1.0 23.50559
 1.0 24.21282
 1.0 25.29172
 1.0 26.29383
 1.0 26.95368
 1.0 25.94248
 1.0 25.28369
 1.0 26.40508
 1.0 27.17482
 1.0 26.28919
 1.0 25.76191
 1.0 26.97977
 1.0 27.84344
 1.0 27.09333
 1.0 25.8807
 1.0 26.40561
 1.0 25.28291
 1.0 24.33033
 1.0 25.16494
 1.0 24.33559
 1.0 25.29302
 1.0 24.59452
 1.0 23.51714
 1.0 22.48594
 1.0 23.24979
 1.0 22.3455
 1.0 21.29996
 1.0 20.46535
 1.0 19.78557
 1.0 20.90831
 1.0 21.20559
 1.0 19.53132
 1.0 18.5494
 1.0 17.16075
 1.0 16.7212
 1.0 16.60466
 1.0 16.34102
 1.0 15.02767
 1.0 13.87687
 1.0 12.55296
 1.0 12.45362
 1.0 13.72551
 1.0 14.945
 1.0 15.02584
 1.0 13.87247
 1.0 13.95675
 1.0 13.87067
 1.0 14.1756
 1.0 13.18404
 1.0 11.78463
 1.0 10.86074
 1.0 9.44571
 1.0 8.63172
 1.0 7.20967
 1.0 8.39943
 1.0 7.8746
 1.0 7.62655
 1.0 6.59119
 1.0 5.56893
 1.0 26.85899
 1.0 28.08264
 1.0 27.58947
 1.0 28.73082
 1.0 29.12613
 1.0 29.59239
 1.0 30.07971
 1.0 28.96651
 1.0 29.56932
 1.0 28.54507
 1.0 27.39659
 1.0 26.40562
 1.0 25.28271
 1.0 24.57712
 1.0 23.49895
 1.0 22.47411
 1.0 23.24554
 1.0 24.33515
 1.0 25.28313
 2.0 25.9385
 1.0 24.91764
 1.0 24.19958
 1.0 25.27698
 1.0 26.05009
 1.0 25.15612
 1.0 24.57351
 1.0 25.75717
 1.0 26.63129
 1.0 25.87641
 1.0 24.69835
 1.0 25.27808
 1.0 24.19934
 1.0 23.23569
 1.0 24.07548
 1.0 24.20875
 1.0 23.51099
 1.0 22.48531
 1.0 21.44115
 1.0 22.20592
 1.0 21.29422
 1.0 20.3093
 1.0 19.47202
 1.0 18.71536
 1.0 19.78121
 1.0 20.75948
 1.0 20.09462
 1.0 19.04602
 1.0 18.48772
 1.0 17.86514
 1.0 17.44749
 1.0 16.41871
 1.0 16.15651
 1.0 15.63975
 1.0 15.56494
 1.0 15.23297
 1.0 13.87145
 1.0 12.79887
 1.0 11.41893
 1.0 11.24142
 1.0 12.45026
 1.0 13.72611
 1.0 12.79453
 1.0 12.94564
 1.0 12.79236
 1.0 13.18108
 1.0 12.29916
 1.0 10.85767
 1.0 10.08089
 1.0 8.62849
 1.0 8.02454
 1.0 6.76142
 1.0 7.87389
 2.0 7.62327
 1.0 7.47084
 1.0 4.97945
 2.0 5.20803
 1.0 4.57406
 1.0 25.78591
 1.0 27.02969
 1.0 26.48791
 1.0 27.59046
 1.0 27.9737
 1.0 28.48596
 1.0 28.96466
 1.0 27.83451
 1.0 28.43358
 1.0 27.39496
 1.0 26.28484
 2.0 25.28073
 1.0 24.20189
 1.0 23.49729
 1.0 22.47099
 1.0 21.4329
 1.0 22.20498
 1.0 23.24324
 1.0 24.20232
 1.0 24.91718
 1.0 23.95007
 1.0 23.23606
 1.0 24.32462
 1.0 25.15787
 1.0 24.32691
 1.0 23.75705
 1.0 24.94873
 1.0 25.88027
 1.0 25.19541
 1.0 24.01574
 1.0 24.5796
 1.0 23.5013
 1.0 22.47308
 1.0 23.24034
 1.0 22.3394
 1.0 23.24501
 1.0 20.46005
 1.0 21.29669
 1.0 20.45842
 1.0 19.47045
 1.0 18.55343
 1.0 17.80187
 1.0 18.87885
 1.0 19.78416
 1.0 19.04457
 1.0 17.97737
 1.0 17.34
 1.0 16.72169
 1.0 16.22687
 1.0 15.16586
 1.0 14.82926
 1.0 14.31949
 1.0 14.18303
 1.0 13.87465
 1.0 12.55138
 1.0 11.42184
 1.0 10.08448
 1.0 9.96223
 2.0 11.24067
 1.0 12.45361
 1.0 12.54963
 1.0 11.41747
 1.0 11.51924
 1.0 11.41553
 1.0 11.7837
 1.0 10.85921
 1.0 9.44454
 1.0 8.62979
 1.0 7.20813
 1.0 5.20856
 1.0 5.56594
 1.0 6.76061
 1.0 6.58529
 1.0 6.28525
 1.0 4.97834
 1.0 3.83385
 2.0 4.57407
 1.0 24.5676
 1.0 25.77986
 1.0 25.24239
 1.0 26.36733
 1.0 26.7965
 1.0 27.30206
 1.0 27.82851
 1.0 26.73745
 1.0 27.38835
 1.0 26.39686
 1.0 25.27378
 1.0 24.32373
 1.0 23.23404
 1.0 22.46518
 1.0 21.42587
 1.0 20.44869
 1.0 21.29231
 1.0 22.33794
 1.0 23.23425
 1.0 23.9453
 1.0 22.97149
 1.0 22.1918
 1.0 23.22911
 1.0 24.06786
 1.0 23.23175
 1.0 22.60057
 1.0 23.75226
 1.0 24.69745
 1.0 24.01157
 1.0 22.8727
 1.0 23.49656
 1.0 22.46998
 1.0 21.42844
 1.0 22.19628
 1.0 21.28756
 1.0 21.43726
 1.0 20.45882
 1.0 19.46603
 1.0 20.30533
 1.0 19.46474
 1.0 18.54952
 1.0 17.62855
 1.0 16.79017
 1.0 17.79766
 1.0 18.71328
 1.0 17.97273
 1.0 16.97548
 1.0 16.34644
 1.0 15.63991
 1.0 15.16091
 1.0 14.18458
 1.0 13.88005
 1.0 13.27621
 1.0 13.1878
 1.0 12.7956
 1.0 11.41624
 1.0 10.38793
 1.0 8.75956
 2.0 9.95888
 1.0 11.41479
 1.0 10.38365
 1.0 10.56876
 1.0 10.38125
 1.0 10.07869
 1.0 8.62657
 1.0 8.02178
 1.0 6.28744
 2.0 5.2043
 3.0 6.58487
 1.0 4.30814
 2.0 4.57164
 1.0 2.91685
 1.0 24.0422
 1.0 25.24943
 1.0 24.79453
 1.0 25.96907
 2.0 26.37514
 1.0 26.80189
 1.0 27.30941
 1.0 26.22598
 1.0 26.86022
 1.0 25.87812
 1.0 24.69981
 1.0 23.75906
 1.0 22.6076
 1.0 21.85241
 1.0 20.74477
 1.0 19.77269
 1.0 20.60612
 1.0 21.72095
 1.0 22.60782
 1.0 23.23796
 1.0 22.19807
 1.0 21.42666
 1.0 22.46505
 1.0 23.23127
 1.0 22.3291
 1.0 21.70762
 1.0 22.87053
 1.0 23.75285
 1.0 23.00522
 1.0 21.84935
 1.0 22.4669
 1.0 21.42715
 1.0 20.44647
 1.0 21.28613
 1.0 20.45096
 1.0 21.43571
 1.0 20.75666
 1.0 19.78373
 1.0 18.71387
 1.0 19.46617
 1.0 18.54594
 1.0 17.62698
 1.0 16.7943
 1.0 15.96082
 1.0 16.97172
 1.0 17.97274
 1.0 17.33519
 1.0 16.34645
 1.0 15.83992
 1.0 15.16092
 1.0 14.8242
 1.0 13.88006
 1.0 13.73924
 1.0 13.18781
 1.0 13.27539
 1.0 12.94584
 1.0 10.57244
 1.0 9.11216
 1.0 8.9773
 1.0 10.07403
 1.0 11.41116
 1.0 10.56824
 1.0 10.96465
 1.0 10.85538
 1.0 11.51443
 2.0 10.8564
 1.0 9.44161
 2.0 8.97944
 2.0 7.62364
 1.0 7.47083
 1.0 6.28569
 1.0 8.01833
 1.0 8.25596
 1.0 8.01798
 1.0 6.58445
 1.0 5.76893
 3.0 6.09764
 1.0 25.19121
 1.0 25.96951
 1.0 27.17898
 1.0 27.59583
 1.0 27.97649
 1.0 28.49077
 1.0 27.42587
 1.0 28.0611
 1.0 27.09404
 1.0 25.88113
 1.0 24.95399
 1.0 23.76246
 1.0 23.01102
 1.0 21.8556
 1.0 20.89826
 1.0 21.72481
 1.0 22.88695
 1.0 23.76267
 1.0 24.33137
 1.0 23.24026
 1.0 22.46953
 1.0 23.49457
 1.0 24.19637
 1.0 23.23152
 1.0 22.60009
 1.0 23.75169
 1.0 24.57091
 1.0 23.7511
 1.0 22.59947
 1.0 23.23091
 1.0 22.19242
 1.0 21.28366
 1.0 22.19667
 1.0 21.43338
 1.0 22.47877
 1.0 21.86778
 1.0 19.78332
 1.0 20.45856
 1.0 19.46575
 1.0 18.55104
 1.0 17.80546
 1.0 16.97533
 1.0 17.97182
 1.0 19.04268
 1.0 18.48412
 1.0 17.51632
 1.0 17.08999
 1.0 16.41482
 1.0 16.15239
 1.0 15.24008
 1.0 15.16313
 1.0 14.61165
 1.0 14.74339
 1.0 14.39286
 1.0 12.94392
 1.0 12.04765
 1.0 10.57088
 1.0 10.3794
 1.0 11.40897
 1.0 12.78869
 1.0 12.94264
 1.0 12.0435
 1.0 12.45517
 1.0 12.29556
 1.0 12.94114
 1.0 12.29669
 1.0 10.85512
 1.0 10.38152
 1.0 8.9782
 1.0 8.76113
 1.0 7.46971
 2.0 7.62145
 1.0 8.97604
 1.0 9.10422
 1.0 8.97635
 1.0 7.62182
 1.0 6.58697
 1.0 26.38021
 1.0 27.59752
 1.0 27.18112
 1.0 28.36645
 1.0 28.73963
 1.0 29.13243
 1.0 29.60096
 1.0 28.49586
 1.0 29.08159
 1.0 28.06676
 1.0 26.86883
 1.0 25.88717
 1.0 24.70918
 1.0 24.01923
 1.0 22.88074
 1.0 21.86186
 1.0 22.61967
 1.0 23.77088
 1.0 24.7096
 1.0 25.28809
 1.0 24.20775
 1.0 23.50121
 1.0 24.57803
 1.0 24.3267
 1.0 23.7566
 1.0 24.94819
 1.0 25.75966
 1.0 24.94752
 1.0 23.7559
 1.0 24.32601
 1.0 23.2363
 1.0 22.33519
 1.0 23.24072
 1.0 22.47829
 1.0 23.51065
 1.0 22.89323
 1.0 21.87388
 1.0 20.76189
 1.0 21.44272
 1.0 20.45939
 1.0 19.4719
 1.0 18.72146
 1.0 17.97646
 1.0 19.04298
 1.0 20.09574
 1.0 19.52748
 1.0 18.48849
 1.0 18.04204
 1.0 17.44799
 1.0 17.15606
 1.0 16.15653
 1.0 16.03554
 1.0 15.5646
 1.0 15.6387
 1.0 15.35885
 1.0 13.95416
 1.0 12.94844
 1.0 11.51926
 1.0 11.41141
 1.0 12.54234
 1.0 13.86568
 1.0 13.95258
 1.0 12.94415
 1.0 13.26977
 1.0 13.17899
 1.0 13.72692
 1.0 12.94243
 1.0 11.51418
 1.0 9.4413
 1.0 7.87107
 1.0 8.97449
 1.0 8.75702
 2.0 7.46749
 1.0 6.28304
 1.0 5.56543
 2.0 5.20535
 2.0 3.83383
 2.0 4.3107
 1.0 27.54437
 1.0 28.73925
 1.0 28.36666
 1.0 29.58322
 1.0 29.96757
 1.0 30.31911
 1.0 30.7952
 1.0 29.70854
 1.0 30.29687
 1.0 29.29778
 1.0 28.06945
 1.0 27.10279
 1.0 25.89018
 1.0 25.20139
 1.0 24.02202
 1.0 23.02012
 1.0 23.77419
 1.0 24.96547
 1.0 25.89059
 1.0 26.41415
 1.0 25.28987
 1.0 24.58235
 1.0 25.64378
 1.0 26.28868
 1.0 25.28064
 1.0 24.70074
 1.0 25.87858
 1.0 26.63267
 1.0 25.75773
 1.0 24.5742
 1.0 25.15701
 1.0 24.07308
 1.0 23.23798
 1.0 24.20602
 1.0 23.50806
 1.0 24.59194
 1.0 24.03472
 1.0 23.03262
 1.0 21.87313
 1.0 22.48595
 1.0 21.44195
 1.0 20.46442
 1.0 19.79105
 1.0 19.04663
 1.0 20.0945
 1.0 21.20495
 1.0 20.70467
 1.0 19.68874
 1.0 19.31029
 1.0 18.7145
 1.0 18.48459
 1.0 17.51698
 1.0 17.44991
 1.0 16.97191
 1.0 17.0853
 1.0 16.78275
 1.0 15.35669
 1.0 14.39578
 1.0 12.94652
 1.0 12.78935
 1.0 13.86348
 1.0 15.22498
 1.0 15.35525
 1.0 14.39153
 1.0 14.73776
 1.0 14.60254
 1.0 15.15013
 1.0 14.38959
 1.0 12.29691
 1.0 10.85511
 1.0 10.38178
 1.0 8.97819
 1.0 9.10421
 1.0 10.26469
 1.0 10.07345
 1.0 8.75829
 1.0 7.62217
 1.0 7.87317
 1.0 6.76018
 3.0 6.58612
 1.0 6.28523
 1.0 5.20641
 1.0 2.91683
 1.0 28.744
 1.0 29.96876
 1.0 29.585
 1.0 30.77876
 1.0 31.12393
 1.0 31.48762
 1.0 31.92247
 1.0 30.79999
 1.0 31.34359
 1.0 30.3022
 1.0 29.08955
 1.0 28.07511
 1.0 26.87745
 1.0 26.24372
 1.0 25.08237
 1.0 24.02783
 1.0 24.72046
 1.0 25.89834
 1.0 26.87805
 1.0 27.41142
 1.0 26.30001
 1.0 25.65008
 1.0 26.75621
 1.0 27.40352
 1.0 26.40838
 1.0 25.88331
 1.0 27.09571
 1.0 27.84487
 1.0 26.98021
 1.0 25.76248
 1.0 26.28995
 1.0 25.16232
 1.0 24.33264
 1.0 25.28986
 1.0 24.59104
 1.0 25.65981
 1.0 25.09532
 1.0 24.04062
 1.0 22.89798
 1.0 23.51728
 1.0 22.48633
 1.0 21.44792
 1.0 20.769
 1.0 20.09907
 1.0 21.20483
 1.0 22.29511
 1.0 21.78418
 1.0 20.70884
 1.0 20.31112
 1.0 19.78447
 1.0 19.52735
 1.0 18.48851
 1.0 18.38272
 1.0 17.97246
 1.0 18.03651
 1.0 17.79347
 1.0 16.40757
 1.0 15.36104
 1.0 13.95598
 1.0 13.86589
 1.0 15.01828
 1.0 16.33137
 1.0 16.40589
 1.0 15.3567
 1.0 15.63214
 1.0 15.55462
 1.0 16.02151
 1.0 15.15142
 1.0 12.94242
 1.0 11.51393
 1.0 10.85639
 1.0 9.44101
 1.0 9.64162
 1.0 10.67159
 1.0 10.26334
 1.0 10.07456
 1.0 8.97697
 1.0 8.39711
 1.0 29.18298
 1.0 30.41508
 1.0 29.9594
 1.0 31.11356
 1.0 31.47985
 1.0 31.91252
 1.0 32.36578
 1.0 31.23479
 1.0 31.7955
 1.0 30.74458
 1.0 29.57668
 1.0 28.5528
 1.0 27.40474
 1.0 26.75434
 1.0 25.64682
 1.0 24.58542
 1.0 25.29363
 1.0 26.41627
 1.0 27.40532
 1.0 28.01188
 1.0 26.95434
 1.0 26.29091
 1.0 27.39915
 1.0 28.11456
 1.0 27.17423
 1.0 26.63497
 1.0 27.84226
 1.0 28.65324
 1.0 27.84167
 1.0 26.63434
 1.0 27.17361
 1.0 26.05459
 1.0 25.16187
 1.0 26.05896
 1.0 25.28941
 1.0 26.3004
 1.0 25.65936
 1.0 24.59747
 1.0 23.51503
 1.0 24.21485
 1.0 23.24838
 1.0 22.21082
 1.0 21.44765
 1.0 20.76217
 1.0 21.86983
 1.0 22.89458
 1.0 22.29311
 1.0 21.20717
 1.0 20.70682
 1.0 20.15208
 1.0 19.78235
 1.0 18.71642
 1.0 18.48639
 1.0 18.03557
 1.0 17.97028
 1.0 17.68257
 1.0 16.33508
 1.0 15.23281
 1.0 13.87108
 1.0 13.7241
 1.0 14.93943
 1.0 16.33339
 1.0 15.22843
 1.0 15.35524
 1.0 15.2257
 1.0 15.55336
 1.0 14.60253
 1.0 13.17771
 1.0 12.29577
 1.0 10.85408
 1.0 10.07731
 1.0 8.62463
 1.0 8.75574
 1.0 9.63989
 1.0 9.10146
 1.0 8.97511
 1.0 8.01868
 1.0 6.58444
 1.0 7.46747
 1.0 6.75935
 1.0 6.5857
 1.0 3.83311
 1.0 2.48469
 1.0 1.52055
 1.0 29.58831
 1.0 30.77841
 1.0 30.30272
 1.0 31.46856
 1.0 31.90383
 1.0 32.35462
 1.0 32.87268
 1.0 31.78466
 1.0 32.40777
 1.0 31.40258
 1.0 30.23474
 1.0 29.26099
 1.0 28.11458
 1.0 27.39611
 1.0 26.28647
 1.0 25.2833
 1.0 26.062
 1.0 27.18099
 1.0 28.11495
 1.0 28.7334
 1.0 27.67583
 1.0 26.94382
 1.0 27.998
 1.0 28.72538
 1.0 27.77813
 1.0 27.16524
 1.0 28.32213
 1.0 29.14624
 1.0 28.32164
 1.0 27.16472
 1.0 27.77762
 1.0 26.71349
 1.0 25.81365
 1.0 26.71764
 1.0 25.93787
 1.0 26.95308
 1.0 26.2986
 1.0 25.29479
 1.0 24.21175
 1.0 24.92299
 1.0 23.95297
 1.0 22.98165
 1.0 22.21019
 1.0 21.44065
 1.0 22.48003
 1.0 23.51089
 1.0 22.89178
 1.0 21.8716
 1.0 21.35053
 1.0 20.70077
 1.0 20.30289
 1.0 19.30654
 1.0 19.04297
 1.0 18.48007
 1.0 18.37423
 1.0 17.96378
 1.0 16.59294
 1.0 15.5596
 1.0 14.17522
 1.0 13.86447
 1.0 15.01641
 1.0 16.32897
 1.0 16.59162
 1.0 15.55532
 1.0 15.62982
 1.0 15.35161
 1.0 15.62697
 1.0 14.73397
 1.0 13.26514
 1.0 12.45225
 1.0 10.96082
 1.0 8.62269
 1.0 8.97417
 1.0 9.10544
 1.0 8.25831
 1.0 7.20388
 1.0 6.76059
 1.0 6.09762
 1.0 4.57162
 1.0 2.48918
 2.0 4.31265
 1.0 30.11817
 1.0 31.31242
 1.0 30.76938
 1.0 31.89355
 1.0 32.34724
 1.0 32.86286
 1.0 33.39641
 1.0 32.30239
 1.0 32.9394
 1.0 31.92703
 1.0 30.80462
 1.0 29.82387
 1.0 28.72733
 1.0 27.99671
 1.0 26.94104
 1.0 25.93374
 1.0 26.72268
 1.0 27.78684
 1.0 28.72769
 1.0 29.4125
 1.0 28.40783
 1.0 27.66699
 1.0 28.72131
 1.0 29.50983
 1.0 28.61588
 1.0 27.99345
 1.0 29.14386
 1.0 30.02303
 1.0 29.24977
 1.0 28.10359
 1.0 28.72363
 1.0 27.66798
 1.0 26.71317
 1.0 27.55961
 1.0 26.71733
 1.0 27.676
 1.0 26.95277
 1.0 25.9445
 1.0 24.92098
 1.0 25.70329
 1.0 24.79524
 1.0 23.82584
 1.0 22.98152
 1.0 22.20369
 1.0 23.24228
 1.0 24.20865
 1.0 23.50899
 1.0 22.48248
 1.0 21.86969
 1.0 21.1993
 1.0 20.69875
 1.0 19.68322
 1.0 19.30452
 1.0 18.70809
 1.0 18.47795
 1.0 18.02693
 1.0 16.70807
 1.0 15.63283
 1.0 14.31019
 1.0 13.947
 1.0 16.39876
 1.0 16.70675
 1.0 15.62857
 1.0 15.55371
 1.0 15.22349
 1.0 15.35016
 1.0 14.38629
 2.0 12.93833
 1.0 12.03932
 1.0 10.56349
 1.0 9.76419
 1.0 8.25762
 1.0 8.01623
 1.0 8.62076
 1.0 8.01519
 1.0 8.25662
 1.0 5.76892
 1.0 6.58442
 1.0 6.28346
 1.0 5.77085
 1.0 4.31007
 1.0 3.83529
 1.0 2.48807
 1.0 2.92162
 1.0 3.52259
 1.0 29.05578
 1.0 30.26636
 1.0 29.67848
 1.0 30.76684
 1.0 31.21164
 1.0 31.76985
 1.0 32.29704
 1.0 31.1893
 1.0 31.8238
 1.0 30.79992
 1.0 29.71333
 1.0 28.72229
 1.0 27.66629
 1.0 26.93607
 1.0 25.92706
 1.0 24.90987
 1.0 25.69956
 1.0 26.71735
 1.0 27.66666
 1.0 28.40408
 1.0 27.44739
 1.0 26.70944
 1.0 27.77231
 1.0 28.61392
 1.0 27.77502
 1.0 27.16226
 1.0 28.31917
 1.0 29.24957
 1.0 28.53703
 1.0 27.38911
 1.0 27.9969
 1.0 26.94133
 1.0 25.92994
 1.0 26.7141
 1.0 25.81428
 1.0 26.71825
 1.0 24.92007
 1.0 23.95006
 1.0 24.79422
 1.0 23.94902
 1.0 22.9774
 1.0 22.0656
 1.0 21.29123
 1.0 22.3378
 1.0 23.24167
 1.0 22.47766
 1.0 21.43779
 1.0 20.75706
 1.0 20.08867
 1.0 19.52021
 1.0 18.48171
 1.0 18.03509
 1.0 17.44032
 1.0 17.14826
 1.0 16.70839
 1.0 15.4278
 1.0 14.31018
 1.0 12.69424
 1.0 13.94341
 1.0 15.14407
 1.0 15.42637
 1.0 14.30591
 1.0 14.16971
 1.0 13.86304
 1.0 13.94678
 1.0 11.51054
 1.0 10.56348
 1.0 9.1042
 1.0 8.25761
 1.0 6.75977
 1.0 6.58231
 1.0 7.20002
 1.0 6.5819
 1.0 6.75937
 1.0 4.30749
 1.0 4.97497
 1.0 4.30942
 1.0 2.91589
 1.0 2.48806
 1.0 1.52604
 1.0 2.49365
 1.0 3.51943
 1.0 4.57224
 1.0 5.56744
