
 100.0 1.526
 1.0 1.76286
 1.0 2.92254
 97.0 2.49139
 1.0 3.05109
 65.0 2.92064
 3.0 4.57709
 49.0 4.31457
 32.0 3.83962
 1.0 5.28438
 18.0 5.21015
 6.0 4.98278
 4.0 5.20962
 7.0 5.56942
 1.0 5.84223
 3.0 6.2892
 1.0 5.56991
 7.0 4.57587
 10.0 3.52256
 1.0 7.04513
 1.0 6.28876
 1.0 5.56941
 1.0 5.28227
 3.0 6.28743
 1.0 5.56741
 1.0 5.208
 4.0 4.31263
 6.0 4.57526
 2.0 7.47118
 1.0 6.76222
 1.0 6.58863
 6.0 5.77373
 5.0 6.10126
 14.0 5.77566
 1.0 5.83842
 1.0 7.2058
 1.0 6.58652
 4.0 6.76181
 4.0 6.09944
 4.0 6.76387
 14.0 6.59075
 1.0 5.20747
 2.0 6.58737
 1.0 5.77035
 1.0 6.09761
 2.0 5.77228
 6.0 6.58864
 2.0 6.76428
 1.0 5.28015
 1.0 6.76057
 1.0 6.09578
 1.0 6.76016
 1.0 7.62507
 2.0 7.8767
 1.0 6.76099
 1.0 8.25794
 1.0 7.62178
 1.0 8.25761
 2.0 8.02072
 1.0 8.97973
 2.0 9.10969
 4.0 7.62727
 1.0 7.25812
 1.0 8.75857
 1.0 8.25592
 1.0 9.10572
 1.0 8.97849
 2.0 10.0784
 1.0 10.27036
 1.0 9.1097
 1.0 8.9819
 5.0 8.0242
 1.0 8.75889
 1.0 10.26683
 1.0 9.76218
 2.0 10.56453
 1.0 10.3807
 1.0 11.41381
 2.0 11.51658
 1.0 10.27037
 2.0 10.08061
 3.0 8.98191
 4.0 6.59076
 1.0 9.48127
 1.0 10.96056
 1.0 10.56295
 1.0 11.5127
 1.0 11.41259
 1.0 12.54674
 1.0 12.70167
 1.0 11.41601
 1.0 10.38419
 1.0 6.29053
 1.0 9.44039
 1.0 10.85355
 1.0 10.37721
 1.0 11.41039
 1.0 11.51343
 1.0 12.69948
 1.0 13.03249
 1.0 11.94572
 1.0 11.78298
 3.0 10.85818
 2.0 9.44424
 2.0 8.62914
 3.0 7.20851
 1.0 10.41654
 1.0 11.77848
 1.0 11.40916
 1.0 12.5434
 1.0 12.69859
 1.0 13.95096
 1.0 14.30921
 1.0 13.2687
 2.0 13.1815
 1.0 12.29893
 1.0 10.67417
 1.0 11.94175
 1.0 11.51028
 1.0 12.6964
 1.0 13.02971
 2.0 14.30707
 1.0 14.81466
 1.0 13.86846
 1.0 13.72853
 1.0 12.9437
 1.0 11.51634
 1.0 8.62913
 1.0 9.48069
 1.0 10.67209
 1.0 10.26304
 1.0 11.51004
 1.0 11.94152
 2.0 13.26492
 1.0 13.86665
 1.0 13.03079
 1.0 12.94177
 1.0 12.2969
 1.0 10.85613
 1.0 10.38205
 4.0 8.97974
 4.0 8.02212
 8.0 6.28832
 8.0 4.98055
 1.0 9.10541
 1.0 10.26521
 1.0 10.07315
 2.0 11.40942
 1.0 11.77873
 2.0 13.1777
 1.0 13.72671
 1.0 12.94178
 1.0 13.03207
 1.0 12.45427
 1.0 10.96337
 2.0 10.56771
 1.0 9.10879
 1.0 8.26099
 2.0 6.76347
 1.0 6.58992
 2.0 5.20909
 1.0 5.56993
 5.0 4.57588
 9.0 3.52257
 1.0 10.41682
 2.0 11.51198
 1.0 11.40893
 1.0 12.78778
 1.0 14.60214
 1.0 15.15104
 1.0 14.38998
 1.0 14.52468
 1.0 13.95316
 1.0 12.45472
 1.0 12.04373
 1.0 10.56824
 1.0 9.76761
 4.0 8.26133
 1.0 8.02386
 2.0 6.59034
 1.0 6.76553
 7.0 5.57043
 4.0 4.57649
 1.0 11.51295
 1.0 12.69728
 1.0 12.54185
 2.0 13.86424
 2.0 14.1703
 1.0 15.55389
 1.0 16.0222
 1.0 15.1516
 1.0 15.22861
 1.0 14.52507
 1.0 13.03293
 2.0 12.45517
 1.0 10.96439
 1.0 10.27064
 1.0 8.7624
 2.0 8.26167
 1.0 6.7643
 2.0 5.21016
 3.0 4.31393
 6.0 2.9197
 23.0 2.48916
 1.0 11.27451
 1.0 12.54385
 1.0 12.44912
 1.0 13.72427
 1.0 13.86645
 1.0 15.22697
 1.0 15.55605
 1.0 14.60464
 1.0 14.73738
 1.0 13.95357
 1.0 11.78347
 1.0 10.27065
 1.0 9.7679
 1.0 7.62728
 3.0 6.10128
 1.0 5.77519
 1.0 4.31394
 2.0 3.83818
 7.0 2.91968
 2.0 10.07454
 1.0 11.23669
 2.0 12.44913
 1.0 12.54386
 1.0 13.86626
 1.0 14.17208
 3.0 13.17983
 1.0 13.26851
 1.0 12.45473
 1.0 10.96388
 1.0 10.27038
 1.0 8.76209
 1.0 6.76389
 2.0 4.57528
 2.0 4.31458
 2.0 2.92065
 1.0 2.49028
 2.0 1.52417
 4.0 2.49026
 1.0 10.41496
 1.0 11.77684
 1.0 11.40723
 1.0 12.54142
 1.0 12.69686
 1.0 13.94918
 1.0 14.30768
 1.0 13.26725
 1.0 12.29737
 1.0 10.85666
 1.0 10.07925
 1.0 8.62787
 2.0 8.02248
 1.0 6.58908
 1.0 5.77423
 2.0 4.31329
 1.0 3.83891
 3.0 2.4914
 2.0 1.52419
 1.0 0.00315
 1.0 10.67341
 1.0 11.94083
 1.0 11.50934
 1.0 12.69554
 1.0 13.02909
 1.0 14.30651
 1.0 14.8143
 1.0 13.86827
 1.0 13.72834
 1.0 12.94372
 1.0 11.51635
 1.0 10.85845
 1.0 9.44455
 1.0 8.62915
 1.0 7.20852
 1.0 6.59119
 1.0 5.2107
 1.0 4.98391
 1.0 3.84108
 2.0 2.49252
 1.0 1.52783
 1.0 0.00223
 7.0 2.49029
 1.0 11.27403
 1.0 12.54232
 1.0 11.93875
 1.0 13.02653
 1.0 13.40992
 1.0 14.60102
 1.0 15.15032
 2.0 14.17209
 2.0 13.86828
 1.0 13.03272
 2.0 11.68305
 1.0 10.96465
 1.0 9.6474
 1.0 8.76241
 2.0 7.47233
 2.0 6.76513
 1.0 5.2123
 1.0 4.31716
 3.0 2.92256
 2.0 2.49363
 1.0 1.52601
 1.0 2.4903
 2.0 3.83892
 12.0 3.83745
 1.0 12.54321
 1.0 13.86345
 1.0 13.26138
 1.0 14.30301
 1.0 14.60007
 1.0 15.75059
 2.0 16.21339
 3.0 15.15033
 1.0 14.81431
 1.0 12.54676
 1.0 10.38233
 1.0 9.64653
 1.0 8.40011
 1.0 6.28878
 2.0 4.5771
 1.0 3.52259
 3.0 2.92161
 1.0 3.8382
 4.0 4.98168
 8.0 4.31264
 1.0 13.29365
 1.0 14.59892
 1.0 13.86146
 1.0 14.80867
 1.0 15.1472
 1.0 16.21116
 1.0 16.70777
 1.0 15.62877
 1.0 12.942
 1.0 12.04235
 1.0 10.85692
 1.0 10.0787
 3.0 8.98007
 1.0 8.02283
 3.0 7.04515
 1.0 6.2901
 2.0 5.57142
 1.0 4.5765
 4.0 4.31587
 1.0 6.28967
 1.0 5.77374
 1.0 14.59988
 1.0 15.94432
 1.0 15.22095
 2.0 16.13659
 1.0 16.40064
 2.0 17.43273
 1.0 17.85212
 1.0 16.70778
 1.0 13.95099
 1.0 12.94201
 1.0 11.78135
 1.0 11.13836
 1.0 10.07843
 2.0 6.28966
 1.0 5.56944
 3.0 5.21069
 1.0 6.28923
 1.0 7.47307
 2.0 7.62691
 1.0 6.58907
 1.0 14.41047
 1.0 15.82029
 1.0 15.14243
 1.0 16.01423
 1.0 17.1394
 1.0 16.21117
 1.0 15.7506
 1.0 14.60103
 1.0 13.41056
 1.0 12.29467
 1.0 11.13637
 1.0 10.67421
 1.0 9.64395
 1.0 8.39779
 1.0 7.46973
 1.0 6.28657
 2.0 5.56793
 1.0 5.2075
 1.0 4.98056
 1.0 5.20856
 1.0 6.58866
 2.0 7.62546
 2.0 7.87601
 3.0 6.76265
 1.0 13.72023
 1.0 15.14315
 1.0 14.59397
 1.0 15.54675
 1.0 15.62325
 2.0 16.70361
 1.0 16.95883
 1.0 15.74989
 1.0 15.42712
 1.0 14.30594
 1.0 13.0291
 1.0 11.94272
 1.0 10.67395
 1.0 10.2666
 1.0 9.10575
 1.0 7.87319
 1.0 6.76061
 1.0 5.56644
 1.0 4.57285
 1.0 4.31008
 2.0 3.83529
 1.0 4.31072
 1.0 5.77134
 1.0 6.58697
 1.0 6.76183
 2.0 5.56643
 3.0 5.20695
 1.0 4.97943
 1.0 3.836
 1.0 13.74616
 1.0 15.21784
 1.0 14.72435
 1.0 15.61968
 1.0 15.54676
 2.0 16.58544
 1.0 15.42459
 1.0 15.14629
 1.0 13.94721
 2.0 12.69557
 1.0 11.51081
 1.0 10.26443
 1.0 10.07401
 3.0 8.97511
 1.0 7.62072
 2.0 6.58402
 1.0 5.20376
 1.0 4.30814
 1.0 4.56981
 1.0 4.30942
 1.0 5.20589
 1.0 6.5857
 1.0 7.20389
 2.0 7.46934
 1.0 6.28568
 1.0 5.56593
 2.0 5.20641
 2.0 4.3107
 2.0 5.20801
 1.0 15.2182
 1.0 16.6996
 1.0 16.20326
 2.0 17.0666
 1.0 16.95424
 2.0 17.95485
 1.0 18.02112
 1.0 16.70362
 1.0 16.3998
 1.0 15.1463
 1.0 13.94681
 1.0 11.51033
 1.0 11.40921
 1.0 10.37725
 2.0 8.01729
 2.0 5.76893
 1.0 6.09581
 1.0 5.77037
 1.0 6.58654
 1.0 8.01936
 1.0 8.62463
 2.0 8.75954
 3.0 6.76059
 1.0 6.58695
 1.0 5.77181
 1.0 15.44386
 1.0 16.95143
 1.0 16.50985
 1.0 17.31326
 1.0 18.01803
 1.0 16.32712
 1.0 15.01606
 1.0 13.86147
 1.0 12.54013
 1.0 11.40702
 1.0 11.50912
 1.0 10.56088
 1.0 9.10209
 1.0 8.25393
 2.0 6.75649
 1.0 6.09398
 1.0 6.75813
 1.0 6.58528
 1.0 7.6229
 1.0 8.97665
 1.0 9.43924
 1.0 9.64393
 1.0 8.39777
 3.0 7.46859
 2.0 7.20465
 1.0 6.58696
 2.0 7.62508
 4.0 7.47194
 1.0 14.8021
 1.0 16.32131
 1.0 15.81327
 2.0 16.50987
 1.0 16.20327
 2.0 17.06662
 1.0 16.95425
 1.0 15.54678
 1.0 15.21988
 1.0 13.86028
 1.0 12.7837
 1.0 11.40581
 1.0 10.37378
 1.0 10.55931
 1.0 9.75853
 1.0 8.25226
 1.0 7.61817
 1.0 6.09217
 1.0 5.76701
 2.0 6.58318
 1.0 6.75937
 1.0 7.87248
 3.0 9.10422
 1.0 9.64163
 1.0 10.07594
 2.0 8.97758
 1.0 8.01935
 1.0 7.87459
 2.0 7.62509
 4.0 6.58865
 7.0 6.76388
 7.0 6.10127
 6.0 4.57527
 1.0 15.23904
 1.0 16.76504
 1.0 16.31859
 1.0 16.94883
 1.0 17.31328
 1.0 15.61971
 1.0 15.34514
 1.0 13.94224
 1.0 12.93279
 2.0 11.50551
 1.0 10.55721
 1.0 10.95427
 1.0 10.26065
 1.0 8.75227
 1.0 8.25192
 1.0 6.75445
 1.0 6.58191
 1.0 7.61963
 1.0 7.87177
 1.0 9.10544
 1.0 10.26469
 1.0 10.6716
 1.0 11.13585
 1.0 10.07649
 1.0 8.97727
 1.0 8.39678
 1.0 7.87318
 1.0 9.10757
 1.0 8.02213
 4.0 8.26132
 1.0 14.7989
 1.0 16.31857
 1.0 16.00571
 1.0 16.69445
 1.0 16.20086
 1.0 17.06449
 1.0 16.76804
 1.0 15.34367
 1.0 15.21787
 1.0 13.85827
 1.0 12.78152
 1.0 11.40361
 1.0 10.37136
 1.0 10.84693
 1.0 10.06904
 1.0 8.61756
 1.0 8.01243
 2.0 6.57896
 1.0 6.27905
 1.0 7.46413
 1.0 7.61998
 1.0 8.97541
 1.0 10.07262
 2.0 10.26252
 1.0 10.67211
 1.0 9.64278
 1.0 8.39579
 1.0 7.87106
 1.0 7.6218
 2.0 9.10726
 1.0 8.25931
 3.0 8.76176
 1.0 15.44079
 1.0 16.94879
 1.0 16.6941
 1.0 17.4892
 1.0 17.06431
 1.0 18.01602
 1.0 17.77927
 1.0 16.39538
 1.0 16.32523
 2.0 15.0142
 1.0 13.85946
 1.0 12.53812
 2.0 11.40482
 1.0 11.77332
 1.0 10.8482
 1.0 9.43424
 1.0 8.61883
 1.0 7.1981
 2.0 6.58021
 2.0 7.61816
 1.0 7.46524
 1.0 8.75637
 1.0 9.95663
 1.0 10.07206
 1.0 10.26468
 1.0 9.10482
 1.0 7.87105
 1.0 7.6207
 2.0 7.46747
 1.0 8.75858
 1.0 8.97819
 1.0 8.02039
 4.0 8.6272
 1.0 15.00953
 1.0 16.50983
 1.0 16.20015
 1.0 17.06364
 1.0 16.76735
 1.0 17.77848
 1.0 17.6708
 1.0 16.32522
 1.0 16.20669
 1.0 14.93719
 1.0 13.71963
 1.0 12.4458
 1.0 11.23448
 1.0 11.40602
 1.0 10.37401
 1.0 8.97169
 1.0 8.0138
 1.0 5.76506
 1.0 6.58147
 1.0 6.28169
 1.0 7.46635
 1.0 8.75573
 1.0 8.97416
 1.0 9.10481
 2.0 7.87246
 1.0 6.75935
 1.0 6.58483
 1.0 6.28389
 3.0 7.46858
 1.0 7.62325
 2.0 6.58653
 2.0 7.20581
 2.0 6.5878
 1.0 4.31199
 2.0 2.91778
 3.0 2.48805
 5.0 1.52236
 1.0 15.44349
 1.0 16.95109
 1.0 16.50916
 1.0 17.31228
 1.0 17.06561
 1.0 18.01679
 1.0 17.95359
 1.0 16.58409
 1.0 16.3254
 1.0 13.85985
 1.0 12.53834
 1.0 11.40554
 1.0 11.50766
 1.0 10.55981
 1.0 9.10085
 1.0 8.25324
 1.0 6.75566
 1.0 6.09397
 1.0 6.75812
 3.0 6.58611
 2.0 7.62362
 1.0 8.97725
 1.0 9.4404
 1.0 9.64564
 1.0 8.39975
 2.0 7.47081
 1.0 7.20618
 2.0 6.58779
 2.0 7.6258
 1.0 7.47193
 2.0 6.5899
 1.0 5.7747
 1.0 4.31328
 1.0 2.49138
 5.0 0.00446
 4.0 1.52235
 2.0 14.8017
 1.0 16.32095
 1.0 15.8129
 1.0 16.50918
 1.0 16.20223
 1.0 17.0653
 1.0 16.9526
 1.0 15.54497
 1.0 15.21804
 1.0 13.85826
 1.0 12.78194
 1.0 11.40385
 1.0 10.37215
 1.0 10.55824
 1.0 9.75794
 1.0 8.25157
 2.0 6.09216
 1.0 5.76795
 1.0 6.58485
 5.0 6.76182
 1.0 7.87528
 1.0 9.10664
 1.0 9.64392
 2.0 10.07868
 2.0 8.98066
 1.0 8.02211
 1.0 6.76304
 1.0 7.8774
 1.0 7.62799
 1.0 6.59201
 1.0 6.76716
 1.0 6.10491
 1.0 4.57891
 1.0 4.31843
 1.0 2.92444
 1.0 2.49585
 1.0 1.52965
 1.0 13.28401
 1.0 14.29406
 1.0 15.00918
 1.0 14.72379
 1.0 15.61898
 1.0 15.54586
 1.0 14.16287
 1.0 13.85926
 1.0 12.5379
 1.0 10.0696
 1.0 8.97077
 1.0 9.09994
 1.0 8.25191
 2.0 6.75443
 1.0 4.56616
 1.0 4.30684
 1.0 5.20375
 2.0 5.56642
 1.0 8.39644
 1.0 8.97881
 1.0 8.02177
 1.0 7.04356
 3.0 6.28655
 1.0 5.56742
 1.0 6.59033
 1.0 6.10308
 1.0 5.77758
 1.0 4.3165
 1.0 3.8418
 1.0 2.49362
 1.0 2.92445
 3.0 1.52602
 1.0 13.02267
 1.0 14.51433
 1.0 13.9402
 1.0 14.7251
 1.0 14.59453
 1.0 15.54693
 1.0 15.62324
 1.0 14.30185
 1.0 13.9452
 1.0 12.6938
 1.0 11.50886
 1.0 10.2628
 1.0 9.10238
 2.0 8.97386
 1.0 8.01658
 1.0 6.58317
 1.0 4.30813
 1.0 4.31071
 2.0 5.56943
 1.0 7.47157
 1.0 7.04672
 1.0 6.29098
 1.0 5.57091
 4.0 4.57648
 1.0 5.21122
 1.0 4.31586
 2.0 2.9216
 1.0 2.49475
 1.0 1.52966
 1.0 2.49364
 1.0 2.48917
 1.0 3.83746
 1.0 13.74777
 1.0 15.21929
 1.0 14.51319
 1.0 15.21729
 1.0 15.14187
 1.0 16.01301
 1.0 16.13486
 1.0 14.8066
 1.0 14.30049
 1.0 13.02354
 1.0 11.93735
 1.0 10.66847
 1.0 9.63903
 1.0 9.43659
 2.0 8.6227
 1.0 7.20196
 1.0 6.58612
 2.0 5.20588
 1.0 4.98166
 2.0 5.57441
 1.0 6.29407
 1.0 7.47566
 1.0 8.40439
 1.0 8.98655
 1.0 8.02905
 1.0 7.47826
 2.0 6.76921
 1.0 5.5744
 1.0 6.29583
 1.0 5.57641
 1.0 4.58377
 1.0 4.32166
 1.0 3.84688
 1.0 2.49922
 1.0 2.93111
 1.0 2.4992
 1.0 2.92732
 1.0 3.52574
 1.0 2.91875
 3.0 4.31136
 2.0 5.20855
 1.0 5.56992
 1.0 13.72346
 1.0 15.14626
 1.0 14.38224
 1.0 15.14351
 1.0 15.22148
 1.0 16.13623
 1.0 16.39977
 1.0 15.1459
 2.0 14.59796
 1.0 13.40721
 1.0 12.29193
 1.0 11.13334
 1.0 9.64248
 2.0 7.46933
 1.0 5.21388
 1.0 4.98613
 1.0 5.21869
 1.0 5.57841
 1.0 6.77128
 1.0 7.88447
 1.0 8.41035
 1.0 7.48198
 1.0 7.21776
 1.0 6.59876
 1.0 5.21814
 1.0 5.5799
 1.0 4.5856
 1.0 3.53362
 1.0 2.93017
 1.0 2.50035
 1.0 1.53515
 1.0 2.50256
 1.0 2.92827
 1.0 3.52733
 1.0 4.57833
 1.0 4.31201
 1.0 5.7723
 1.0 6.58949
 1.0 6.76512
 1.0 12.32514
 1.0 13.72325
 1.0 12.93532
 1.0 13.72042
 1.0 13.86264
 1.0 14.80903
 1.0 15.14718
 1.0 13.94778
 1.0 13.40866
 1.0 12.29237
 1.0 11.13484
 1.0 10.07482
 1.0 8.97726
 1.0 8.3971
 2.0 7.47045
 1.0 6.287
 1.0 5.57042
 1.0 4.5777
 1.0 4.32037
 1.0 3.8447
 1.0 4.32424
 1.0 4.585
 1.0 5.57642
 1.0 6.77211
 1.0 7.48162
 1.0 6.77334
 1.0 6.59961
 1.0 5.78384
 1.0 4.32294
 1.0 4.58621
 1.0 3.53205
 1.0 2.93113
 1.0 2.49812
 1.0 2.92639
 1.0 2.49478
 1.0 2.92828
 1.0 3.52732
 1.0 4.57894
 1.0 5.57143
 1.0 5.20803
 2.0 6.58823
 1.0 7.20774
 2.0 7.47306
 2.0 6.28921
 1.0 12.54784
 1.0 13.86785
 1.0 13.02864
 1.0 15.14846
 1.0 15.62892
 1.0 14.52276
 1.0 13.94976
 1.0 12.94025
 1.0 11.78061
 1.0 10.8556
 1.0 9.76646
 2.0 8.98035
 1.0 8.02454
 1.0 7.04671
 1.0 6.29362
 1.0 5.5749
 1.0 5.21921
 1.0 4.32423
 1.0 4.58985
 1.0 4.32811
 1.0 5.2219
 2.0 6.60299
 1.0 7.22202
 1.0 6.77743
 2.0 6.11401
 1.0 4.58802
 1.0 4.32874
 1.0 2.93492
 1.0 2.5048
 1.0 1.53517
 1.0 2.49481
 1.0 2.9226
 1.0 3.52892
 1.0 4.58015
 1.0 5.57194
 1.0 6.76595
 1.0 6.58824
 1.0 8.02144
 1.0 8.6285
 1.0 8.76335
 2.0 6.76429
 1.0 13.53
 1.0 14.81483
 1.0 13.86544
 1.0 14.59985
 1.0 14.94237
 1.0 15.82361
 2.0 16.33133
 1.0 15.22512
 1.0 14.52007
 1.0 13.49561
 1.0 12.45113
 1.0 11.51246
 1.0 10.56611
 2.0 9.7656
 1.0 8.98221
 1.0 8.02419
 1.0 7.47714
 1.0 6.59918
 1.0 5.78528
 1.0 6.11584
 1.0 5.79058
 1.0 6.60467
 1.0 8.03806
 1.0 8.6446
 1.0 8.03805
 1.0 8.27544
 1.0 7.64001
 1.0 5.79105
 1.0 4.33067
 1.0 3.85484
 1.0 2.50703
 1.0 2.93212
 1.0 3.52893
 1.0 4.58501
 1.0 5.57543
 1.0 6.29277
 1.0 7.47456
 1.0 7.20621
 1.0 8.62593
 1.0 9.44307
 1.0 9.64768
 1.0 8.40142
 1.0 7.47232
 1.0 14.81408
 1.0 16.14103
 1.0 15.22348
 1.0 15.94394
 1.0 16.21009
 1.0 17.0713
 1.0 17.4984
 1.0 16.32877
 1.0 15.62411
 1.0 14.51739
 1.0 13.49479
 1.0 12.44822
 1.0 11.51174
 2.0 10.85407
 1.0 8.97942
 1.0 8.40272
 1.0 7.47416
 1.0 7.21428
 1.0 6.59792
 1.0 6.77661
 1.0 6.60425
 1.0 7.63965
 1.0 8.99428
 2.0 9.45895
 1.0 8.64266
 1.0 8.77507
 1.0 8.27274
 1.0 6.77537
 2.0 6.60508
 1.0 5.22508
 1.0 4.33003
 1.0 2.93777
 1.0 2.50704
 1.0 2.92925
 1.0 4.32426
 1.0 5.2155
 1.0 5.57295
 1.0 6.58613
 1.0 8.01832
 3.0 8.9782
 1.0 9.10849
 1.0 6.76266
 1.0 15.8517
 1.0 17.14357
 1.0 16.13896
 1.0 16.77363
 1.0 17.07194
 1.0 17.84788
 1.0 18.29891
 1.0 17.13855
 1.0 16.32656
 1.0 15.21982
 2.0 14.30259
 1.0 13.26114
 1.0 12.44934
 1.0 11.77872
 1.0 11.13883
 2.0 10.07812
 1.0 9.64939
 1.0 8.76429
 1.0 8.63492
 1.0 8.03181
 1.0 8.27444
 1.0 8.03875
 1.0 8.99582
 1.0 10.39783
 1.0 10.8743
 1.0 10.09522
 1.0 10.28388
 1.0 9.77926
 1.0 8.27308
 1.0 8.03943
 1.0 6.60677
 1.0 5.79154
 1.0 4.33197
 1.0 3.85558
 1.0 4.32427
 1.0 5.78579
 1.0 6.59668
 1.0 6.76884
 1.0 7.87814
 1.0 7.62291
 1.0 8.97572
 1.0 10.07648
 1.0 10.26903
 1.0 9.1091
 2.0 7.8753
 1.0 16.2178
 1.0 17.43826
 1.0 16.40399
 1.0 17.07406
 1.0 17.50078
 1.0 18.30074
 1.0 18.86472
 1.0 17.78486
 1.0 16.95764
 2.0 15.94341
 1.0 15.01878
 1.0 14.08551
 1.0 13.26575
 1.0 12.45291
 1.0 11.78392
 1.0 10.85816
 1.0 10.38712
 1.0 9.65083
 1.0 9.45188
 1.0 8.6388
 1.0 8.77698
 1.0 8.27848
 1.0 9.12678
 1.0 10.58558
 1.0 10.98338
 1.0 10.28768
 1.0 10.69292
 1.0 10.28415
 1.0 8.77539
 1.0 8.27881
 1.0 6.78154
 1.0 6.11767
 1.0 4.59169
 1.0 4.3275
 1.0 5.21712
 1.0 6.59964
 1.0 7.63239
 1.0 7.88026
 1.0 9.11064
 1.0 8.97728
 1.0 10.37804
 1.0 11.41212
 1.0 11.51539
 1.0 10.26984
 1.0 9.10819
 1.0 8.76208
 1.0 16.80643
 1.0 18.03033
 1.0 17.07715
 1.0 17.85271
 1.0 18.30377
 1.0 19.1918
 1.0 19.7697
 1.0 18.70038
 1.0 17.95852
 1.0 16.95813
 1.0 15.94655
 1.0 15.01897
 1.0 14.08867
 1.0 13.26785
 1.0 12.45649
 1.0 11.51705
 1.0 10.86176
 1.0 10.08281
 1.0 9.65429
 1.0 8.77191
 1.0 8.64267
 1.0 8.04014
 1.0 8.99862
 1.0 10.40132
 1.0 10.58821
 1.0 9.78525
 1.0 10.28605
 1.0 10.09384
 1.0 8.64137
 1.0 8.04048
 1.0 6.60636
 1.0 5.78963
 1.0 4.32685
 1.0 3.84765
 1.0 4.98505
 1.0 6.29631
 1.0 7.47642
 1.0 7.62766
 1.0 10.56192
 1.0 11.51273
 1.0 11.41285
 1.0 10.07815
 1.0 5.20802
 1.0 18.02971
 1.0 19.29675
 1.0 18.36697
 1.0 19.1306
 1.0 19.51225
 1.0 20.38552
 1.0 20.89317
 1.0 19.76689
 1.0 19.0259
 1.0 17.95542
 1.0 16.95797
 1.0 15.01916
 1.0 14.30688
 1.0 13.50098
 1.0 12.45381
 1.0 11.78534
 1.0 10.8592
 1.0 10.38873
 1.0 9.65574
 1.0 9.45749
 1.0 8.9977
 1.0 10.09689
 1.0 11.43281
 1.0 11.53661
 1.0 10.58664
 1.0 10.98009
 1.0 10.87148
 1.0 9.45659
 1.0 8.99831
 1.0 7.64294
 1.0 6.60553
 1.0 5.22352
 1.0 4.32558
 1.0 5.215
 1.0 6.5988
 1.0 7.6313
 1.0 7.47421
 1.0 8.76147
 1.0 10.3759
 1.0 11.41066
 1.0 11.24142
 2.0 9.96223
 1.0 8.75956
 1.0 9.10818
 1.0 18.72743
 1.0 19.98928
 1.0 19.13351
 1.0 19.98456
 1.0 20.38838
 1.0 21.33506
 1.0 21.85623
 1.0 20.74463
 1.0 20.07831
 1.0 19.02604
 1.0 17.95853
 1.0 16.95781
 1.0 15.94656
 1.0 15.22677
 1.0 14.31038
 1.0 13.26828
 1.0 12.45739
 1.0 11.51754
 1.0 10.86279
 1.0 10.08752
 1.0 9.65979
 1.0 9.12558
 1.0 10.28743
 1.0 11.53469
 1.0 11.43573
 1.0 10.40186
 1.0 10.87354
 1.0 10.97806
 1.0 9.65919
 1.0 9.12618
 2.0 7.89154
 1.0 6.77746
 1.0 5.57945
 1.0 4.58202
 1.0 5.57097
 1.0 6.77049
 1.0 7.87955
 1.0 7.62585
 1.0 8.97822
 1.0 9.43689
 1.0 10.84974
 1.0 11.7778
 1.0 11.41165
 1.0 10.07733
 1.0 8.97697
 1.0 9.44042
 1.0 9.64509
 1.0 8.39877
 1.0 6.28701
 1.0 17.85676
 1.0 19.13554
 1.0 18.36698
 1.0 19.29244
 1.0 19.67124
 1.0 20.68857
 1.0 21.18923
 1.0 20.07943
 1.0 19.50999
 1.0 18.46744
 1.0 17.32062
 1.0 16.32844
 1.0 15.22441
 1.0 14.522
 1.0 13.50037
 1.0 12.45293
 1.0 11.51755
 1.0 9.77046
 1.0 8.98687
 1.0 8.41169
 1.0 7.89084
 1.0 9.12497
 1.0 10.28716
 1.0 10.09937
 1.0 8.99893
 1.0 9.65977
 1.0 8.41134
 2.0 6.77664
 1.0 5.57994
 1.0 4.5814
 1.0 3.52266
 1.0 4.57228
 1.0 5.57246
 1.0 6.76432
 1.0 6.58615
 1.0 8.01799
 1.0 8.61949
 1.0 10.07042
 1.0 10.85153
 1.0 10.37832
 1.0 8.97698
 1.0 8.62335
 1.0 8.7586
 1.0 7.4686
 1.0 5.56594
 1.0 6.28746
 2.0 5.56894
 2.0 5.20963
 2.0 4.31265
 1.0 16.62092
 1.0 17.85785
 1.0 17.07716
 1.0 18.02587
 1.0 18.47301
 1.0 19.51312
 1.0 20.08205
 1.0 19.03014
 1.0 18.47015
 1.0 17.49888
 1.0 15.42672
 1.0 13.49933
 1.0 12.45583
 2.0 11.51609
 1.0 10.57086
 1.0 9.76846
 1.0 8.98624
 1.0 8.03045
 1.0 7.48497
 1.0 6.77993
 1.0 7.89366
 1.0 9.12832
 1.0 9.00233
 1.0 8.04256
 1.0 8.64524
 1.0 8.77666
 1.0 7.48421
 1.0 6.78032
 1.0 5.58242
 1.0 4.58624
 1.0 3.5258
 1.0 2.91693
 1.0 4.30882
 1.0 5.21179
 1.0 6.58994
 2.0 6.76062
 1.0 8.25697
 1.0 8.75415
 3.0 10.26225
 1.0 10.95931
 1.0 10.56456
 1.0 9.10636
 1.0 8.25628
 2.0 8.75795
 1.0 8.62527
 1.0 7.20466
 2.0 5.56743
 2.0 4.57407
 3.0 3.83601
 1.0 17.15395
 1.0 18.31288
 1.0 17.50777
 1.0 18.47631
 1.0 19.03553
 1.0 20.08509
 1.0 20.75079
 1.0 19.7735
 1.0 19.1944
 1.0 18.30376
 1.0 17.14568
 1.0 16.33353
 1.0 15.2295
 2.0 14.31154
 1.0 13.2733
 1.0 12.4576
 1.0 11.52213
 1.0 10.86175
 1.0 10.08723
 1.0 8.99058
 1.0 8.41499
 1.0 7.48981
 1.0 8.42061
 1.0 9.66899
 1.0 9.46808
 1.0 8.64975
 1.0 9.46218
 1.0 9.66322
 1.0 8.41398
 1.0 7.4898
 1.0 6.30249
 1.0 5.57944
 1.0 4.57836
 1.0 4.31012
 1.0 5.76992
 1.0 6.59163
 1.0 8.02318
 1.0 8.25765
 1.0 9.76307
 1.0 10.26279
 1.0 11.77543
 1.0 12.45048
 1.0 12.04004
 1.0 10.56508
 1.0 9.76249
 2.0 10.26657
 1.0 10.0773
 2.0 8.62591
 1.0 8.02073
 2.0 6.58738
 2.0 5.56893
 3.0 4.98054
 4.0 5.20961
 8.0 4.31392
 1.0 16.0579
 1.0 17.15525
 1.0 16.34051
 1.0 17.32959
 1.0 17.96811
 1.0 19.03582
 1.0 19.77644
 1.0 18.87223
 1.0 18.3068
 1.0 17.50426
 1.0 16.33676
 1.0 15.63192
 1.0 14.52772
 1.0 13.50446
 1.0 12.46095
 1.0 11.78744
 1.0 10.86533
 1.0 10.38899
 1.0 9.65659
 1.0 8.412
 1.0 7.89223
 1.0 6.78279
 1.0 7.49389
 1.0 8.78618
 1.0 8.65426
 1.0 8.04532
 1.0 9.00046
 1.0 9.12708
 1.0 7.89081
 1.0 6.78237
 1.0 5.58292
 1.0 5.21872
 1.0 4.31398
 1.0 4.56985
 1.0 6.09583
 1.0 6.76514
 1.0 8.26134
 1.0 8.75924
 1.0 10.26713
 1.0 10.67106
 1.0 12.19706
 1.0 12.78953
 2.0 12.4527
 1.0 10.9621
 1.0 10.6747
 1.0 10.26846
 1.0 8.76017
 1.0 8.25929
 3.0 6.58906
 1.0 5.20854
 3.0 5.56891
 2.0 4.57465
 2.0 3.52098
 1.0 15.23827
 1.0 16.34324
 1.0 15.63549
 1.0 16.71323
 1.0 17.32992
 1.0 18.47692
 1.0 19.1989
 1.0 18.30864
 1.0 17.85613
 1.0 17.07796
 1.0 15.82993
 1.0 15.15286
 1.0 13.95514
 1.0 12.94627
 1.0 11.7877
 1.0 11.14332
 1.0 10.08585
 1.0 9.6517
 1.0 8.77001
 1.0 7.48125
 1.0 6.77745
 1.0 5.58542
 1.0 6.30823
 1.0 7.495
 1.0 7.23319
 1.0 6.61142
 1.0 7.64511
 1.0 7.89293
 1.0 6.77621
 1.0 5.58491
 1.0 4.58442
 1.0 4.3172
 1.0 3.83027
 1.0 4.30108
 1.0 5.76461
 1.0 6.09765
 1.0 7.62364
 1.0 8.25528
 1.0 9.76193
 1.0 11.77566
 1.0 12.19889
 1.0 11.77944
 1.0 10.26658
 1.0 9.76191
 1.0 10.26603
 1.0 9.76362
 1.0 8.25728
 1.0 8.01969
 2.0 6.28612
 1.0 4.97832
 2.0 5.20748
 2.0 5.56692
 3.0 5.56792
 1.0 4.57405
 1.0 14.21303
 1.0 15.23973
 1.0 14.53156
 1.0 15.63585
 1.0 16.3412
 1.0 17.50872
 2.0 18.31167
 1.0 17.50951
 1.0 17.08105
 1.0 16.40839
 1.0 15.15616
 1.0 14.60784
 1.0 13.41901
 1.0 12.30299
 1.0 11.14682
 1.0 10.68329
 1.0 9.65544
 1.0 9.4507
 1.0 8.63815
 1.0 7.21854
 1.0 6.60426
 1.0 5.22618
 1.0 5.5904
 1.0 6.78894
 1.0 6.61648
 1.0 6.31086
 1.0 7.49201
 1.0 7.64402
 1.0 6.60256
 1.0 5.22511
 1.0 4.32106
 1.0 4.57714
 1.0 4.30431
 1.0 5.19738
 1.0 6.58065
 1.0 8.25864
 1.0 9.10452
 1.0 10.56402
 1.0 10.95753
 1.0 12.78975
 1.0 10.96158
 1.0 10.56401
 1.0 10.96107
 1.0 10.26765
 1.0 8.75921
 1.0 7.20503
 1.0 7.04355
 1.0 6.28699
 1.0 13.2823
 1.0 14.32144
 1.0 13.50838
 1.0 14.5304
 1.0 15.23589
 1.0 16.34
 1.0 17.15232
 1.0 16.34084
 1.0 15.83202
 1.0 15.15522
 1.0 13.95751
 1.0 13.41816
 1.0 12.30388
 1.0 11.1458
 1.0 10.08832
 1.0 9.65456
 1.0 8.77284
 1.0 8.63749
 1.0 8.03527
 1.0 6.6034
 1.0 6.30644
 1.0 5.00175
 1.0 5.23415
 1.0 6.61688
 1.0 6.7918
 1.0 6.61309
 1.0 7.64765
 1.0 7.492
 1.0 6.30422
 1.0 5.00063
 1.0 3.85052
 1.0 4.31977
 1.0 3.83245
 1.0 4.97278
 1.0 6.28216
 1.0 6.58909
 1.0 8.02247
 1.0 8.97789
 1.0 10.38044
 1.0 10.56243
 1.0 12.0384
 1.0 12.45269
 1.0 12.29711
 1.0 10.85611
 1.0 10.37988
 1.0 10.56558
 1.0 9.76531
 2.0 8.25895
 1.0 6.58694
 1.0 4.31069
 1.0 4.57222
 2.0 5.56641
 1.0 6.28611
 2.0 5.56592
 1.0 12.34632
 1.0 13.28376
 1.0 12.46518
 1.0 13.50878
 1.0 14.31949
 1.0 15.43895
 1.0 16.34407
 1.0 15.63992
 1.0 15.15852
 1.0 14.61048
 1.0 13.42168
 1.0 13.03971
 1.0 11.95476
 1.0 10.68613
 1.0 9.65831
 1.0 9.45392
 1.0 8.64135
 1.0 8.77347
 1.0 8.27509
 1.0 6.77865
 1.0 6.60761
 1.0 5.22882
 1.0 5.0062
 1.0 6.31702
 1.0 6.61772
 1.0 6.78645
 1.0 7.89784
 1.0 7.64655
 1.0 5.22722
 1.0 4.32298
 1.0 5.21339
 1.0 4.97501
 1.0 6.28084
 1.0 7.46637
 1.0 8.98067
 1.0 10.07731
 1.0 11.41332
 1.0 12.94004
 1.0 13.26806
 1.0 13.18106
 1.0 11.78201
 1.0 11.41281
 1.0 11.51487
 1.0 10.56715
 1.0 9.10815
 1.0 8.97941
 1.0 7.62433
 1.0 6.58821
 1.0 5.20693
 3.0 7.47007
 2.0 6.761
 1.0 13.29025
 1.0 14.11075
 1.0 13.28417
 1.0 14.32219
 1.0 15.2428
 1.0 16.34644
 1.0 17.33871
 1.0 16.72267
 1.0 16.22514
 1.0 15.76322
 1.0 14.61504
 1.0 14.31888
 1.0 13.27997
 1.0 11.95731
 1.0 10.97778
 1.0 10.8694
 1.0 10.09382
 1.0 10.28224
 1.0 9.78124
 1.0 8.27577
 1.0 8.04013
 1.0 6.60805
 1.0 6.31307
 1.0 7.50093
 1.0 7.65459
 1.0 7.89857
 1.0 9.13042
 1.0 9.00076
 1.0 8.0377
 1.0 6.60637
 1.0 5.78291
 1.0 6.59332
 1.0 6.28306
 1.0 7.46415
 1.0 8.75607
 1.0 8.97944
 1.0 10.38231
 1.0 11.41187
 1.0 12.79062
 2.0 12.93875
 1.0 14.38706
 1.0 14.73584
 1.0 14.60441
 1.0 13.1798
 1.0 12.79016
 1.0 12.94175
 1.0 12.04231
 1.0 10.56663
 1.0 10.38149
 1.0 8.97879
 1.0 8.02176
 1.0 6.58778
 1.0 7.87457
 2.0 8.39875
 1.0 14.22045
 1.0 15.04209
 1.0 14.32357
 1.0 15.44273
 1.0 16.34765
 1.0 17.51474
 1.0 18.48622
 1.0 17.86607
 1.0 17.44573
 1.0 16.97105
 1.0 15.76324
 1.0 15.43858
 1.0 14.31851
 1.0 13.04206
 1.0 11.9571
 1.0 11.79168
 1.0 10.86866
 1.0 10.97298
 1.0 10.28091
 1.0 8.77318
 1.0 8.27445
 1.0 6.77829
 1.0 6.6106
 1.0 7.65241
 1.0 7.49872
 1.0 7.64622
 1.0 8.99923
 1.0 9.12647
 1.0 8.27243
 1.0 6.10495
 1.0 6.76309
 1.0 6.57982
 1.0 7.6138
 1.0 8.97078
 1.0 10.56403
 1.0 11.50983
 1.0 12.93812
 1.0 13.26137
 1.0 14.73057
 1.0 15.01991
 1.0 14.73378
 1.0 12.93811
 1.0 13.26471
 1.0 12.45135
 1.0 10.96031
 1.0 9.43981
 2.0 8.62526
 1.0 7.20426
 1.0 7.46895
 1.0 8.39742
 1.0 8.97818
 2.0 8.01968
 1.0 7.46932
 1.0 8.76049
 1.0 13.51766
 1.0 14.32534
 1.0 13.73946
 1.0 14.95464
 1.0 15.83871
 1.0 17.08627
 1.0 18.03804
 1.0 17.44672
 1.0 17.15233
 1.0 16.71604
 1.0 15.43806
 1.0 15.15799
 1.0 13.95992
 1.0 12.70823
 1.0 11.52478
 1.0 11.4216
 1.0 10.39142
 1.0 10.57454
 1.0 9.7753
 1.0 8.26874
 1.0 7.6364
 1.0 6.11042
 1.0 5.79062
 1.0 6.61313
 1.0 6.31309
 1.0 6.60722
 1.0 8.03944
 1.0 8.27579
 1.0 7.63457
 1.0 6.1086
 1.0 5.77234
 1.0 6.58404
 1.0 6.74993
 1.0 7.86119
 1.0 9.0972
 1.0 8.97295
 1.0 10.37697
 1.0 11.407
 1.0 12.78649
 1.0 13.17265
 1.0 14.73265
 1.0 14.38707
 1.0 12.78691
 1.0 13.17601
 1.0 12.2935
 1.0 10.85254
 1.0 10.9598
 1.0 9.64218
 1.0 8.75763
 1.0 7.4671
 1.0 8.01865
 3.0 8.97694
 1.0 9.7639
 1.0 8.97756
 1.0 8.39809
 1.0 9.64593
 2.0 9.44364
 1.0 8.62849
 1.0 7.20773
 5.0 6.59032
 1.0 14.64666
 1.0 15.44583
 1.0 14.95577
 1.0 16.22347
 1.0 17.08726
 1.0 18.37682
 1.0 19.30512
 1.0 18.71213
 1.0 18.47993
 1.0 18.03249
 1.0 16.71589
 1.0 16.41009
 1.0 15.15746
 1.0 13.95794
 1.0 12.7078
 1.0 12.55228
 1.0 11.42064
 1.0 11.51996
 1.0 10.57298
 1.0 9.11369
 1.0 8.26708
 1.0 6.76927
 1.0 6.60177
 1.0 7.22744
 1.0 6.61062
 1.0 6.77788
 1.0 8.27412
 1.0 8.77352
 1.0 8.26572
 1.0 6.76762
 1.0 6.58447
 1.0 7.1989
 1.0 7.45559
 1.0 8.38222
 1.0 9.63183
 1.0 9.43277
 1.0 10.84872
 1.0 11.77166
 1.0 13.17181
 1.0 13.7178
 1.0 15.14297
 1.0 15.22204
 1.0 14.73058
 1.0 13.26158
 1.0 13.17263
 1.0 13.72143
 1.0 12.93661
 1.0 11.50909
 1.0 11.67732
 1.0 10.37641
 1.0 9.64104
 1.0 8.39446
 1.0 8.97602
 1.0 9.76219
 2.0 9.76361
 1.0 8.97786
 2.0 9.64622
 2.0 8.76143
 3.0 6.76386
 1.0 15.44223
 1.0 16.34529
 1.0 15.83415
 1.0 17.08188
 1.0 17.8605
 1.0 19.13831
 1.0 19.99221
 1.0 19.29993
 1.0 19.03437
 1.0 18.47466
 1.0 17.14715
 1.0 16.71041
 1.0 15.43232
 1.0 14.31097
 1.0 13.0357
 1.0 12.70211
 1.0 11.51852
 1.0 11.4148
 1.0 10.38448
 1.0 8.98224
 1.0 8.02667
 1.0 6.59377
 1.0 6.77462
 1.0 7.48947
 1.0 6.78365
 1.0 6.60303
 1.0 8.03428
 1.0 8.63754
 1.0 8.02562
 1.0 6.5925
 1.0 6.28263
 1.0 6.57898
 1.0 6.7454
 1.0 7.45111
 1.0 8.74432
 1.0 8.61499
 1.0 10.06822
 1.0 10.84386
 1.0 12.28606
 1.0 12.92954
 1.0 14.37839
 1.0 14.51513
 1.0 13.94361
 2.0 12.44468
 1.0 12.28695
 1.0 12.93339
 1.0 12.28854
 1.0 10.84768
 1.0 10.9555
 1.0 9.63815
 1.0 9.10116
 1.0 7.86823
 1.0 8.39412
 1.0 8.97415
 1.0 9.7619
 1.0 8.97631
 1.0 8.01864
 2.0 8.97817
 2.0 6.2861
 3.0 5.5679
 1.0 4.57404
 1.0 3.5194
 1.0 16.05947
 1.0 16.97535
 1.0 16.34188
 1.0 17.50903
 1.0 19.52008
 1.0 20.39587
 1.0 19.67829
 1.0 19.29761
 1.0 18.70423
 1.0 17.43906
 1.0 16.96404
 1.0 15.75621
 1.0 14.6069
 1.0 13.4182
 1.0 13.03484
 1.0 11.94992
 1.0 11.78417
 1.0 10.86127
 1.0 9.44809
 1.0 8.63562
 1.0 7.21667
 1.0 7.48686
 1.0 8.42063
 1.0 7.89862
 1.0 7.64261
 1.0 8.99462
 1.0 9.45545
 1.0 8.63432
 1.0 7.2155
 1.0 6.58912
 1.0 6.75818
 1.0 6.57519
 1.0 7.19003
 1.0 8.61306
 1.0 8.75197
 1.0 10.2612
 1.0 10.95249
 1.0 12.44425
 1.0 13.02014
 1.0 14.51321
 1.0 14.8068
 1.0 14.30147
 1.0 12.78391
 1.0 13.02397
 2.0 12.44647
 1.0 10.95551
 1.0 10.84973
 1.0 9.4357
 1.0 8.97356
 1.0 7.61889
 1.0 7.87034
 1.0 8.39445
 1.0 8.97601
 2.0 8.01829
 1.0 7.04039
 1.0 8.02003
 2.0 4.57344
 1.0 3.51941
 1.0 2.91684
 1.0 2.48693
 1.0 15.03563
 1.0 15.9612
 1.0 15.23535
 1.0 16.33915
 1.0 17.15136
 1.0 18.30924
 1.0 19.19991
 1.0 18.47827
 1.0 18.02955
 1.0 17.43794
 1.0 16.21763
 1.0 15.75549
 1.0 14.60728
 1.0 13.41715
 1.0 12.303
 1.0 11.94944
 1.0 10.96996
 1.0 10.86151
 1.0 10.08615
 1.0 8.63561
 1.0 8.03359
 1.0 6.60219
 1.0 6.78159
 1.0 7.8986
 1.0 7.65025
 1.0 7.49093
 1.0 8.77859
 1.0 8.99492
 1.0 8.03185
 1.0 6.60092
 1.0 5.77764
 1.0 6.09951
 1.0 5.76368
 1.0 6.57646
 1.0 8.01176
 1.0 8.25498
 1.0 9.76167
 2.0 10.56037
 1.0 12.03636
 1.0 12.44514
 1.0 13.94421
 1.0 14.30361
 1.0 13.9478
 1.0 12.44916
 1.0 12.03635
 1.0 12.4487
 1.0 11.77709
 2.0 10.26415
 1.0 10.07428
 1.0 8.01763
 1.0 6.58401
 1.0 6.75936
 1.0 7.46821
 2.0 8.02004
 1.0 7.04197
 1.0 7.2089
 1.0 6.59077
 1.0 4.31522
 1.0 1.52238
 1.0 2.91779
 1.0 2.48804
 1.0 14.21773
 1.0 15.03915
 1.0 14.32086
 1.0 15.44023
 1.0 16.34528
 1.0 17.51253
 1.0 18.48414
 1.0 17.86423
 1.0 17.44416
 1.0 16.96976
 1.0 15.76185
 1.0 15.43752
 1.0 14.31737
 1.0 13.0408
 1.0 11.95573
 1.0 11.79076
 1.0 10.86765
 1.0 10.97249
 1.0 10.28039
 1.0 8.77256
 1.0 8.2738
 1.0 6.77748
 1.0 6.60892
 1.0 7.65024
 1.0 7.4965
 1.0 7.64478
 1.0 8.99801
 1.0 9.12527
 1.0 8.27177
 1.0 6.77583
 1.0 6.10496
 1.0 6.76392
 1.0 6.58152
 1.0 7.616
 1.0 8.97264
 1.0 9.10546
 1.0 10.5651
 1.0 11.51129
 1.0 12.93943
 1.0 13.26264
 1.0 14.73172
 1.0 15.02067
 1.0 14.73455
 1.0 13.26578
 1.0 12.93941
 1.0 13.26598
 1.0 12.45226
 1.0 10.96134
 1.0 10.85562
 1.0 9.44159
 1.0 8.62657
 1.0 7.20582
 1.0 7.47119
 1.0 8.40008
 1.0 8.98128
 1.0 8.02316
 1.0 7.47305
 1.0 8.7643
 1.0 8.63107
 1.0 8.02559
 2.0 6.59203
 1.0 5.77759
 1.0 4.31651
 2.0 3.84036
 1.0 2.49141
 1.0 15.25104
 1.0 15.97147
 1.0 15.24574
 1.0 16.34935
 1.0 17.34146
 1.0 18.48789
 1.0 19.53033
 1.0 18.9851
 1.0 18.5482
 1.0 18.14505
 1.0 16.97484
 1.0 16.72003
 1.0 15.64189
 1.0 14.32085
 1.0 13.28168
 1.0 13.19161
 1.0 12.31023
 1.0 12.46452
 1.0 11.79383
 1.0 10.28147
 1.0 9.77987
 1.0 8.27448
 1.0 8.04259
 1.0 9.00544
 1.0 8.78653
 1.0 8.99864
 1.0 10.39972
 1.0 10.58402
 1.0 9.77787
 1.0 8.27279
 1.0 7.63095
 1.0 8.26102
 1.0 8.01523
 1.0 8.97017
 1.0 10.3743
 1.0 10.56352
 1.0 12.03982
 1.0 12.9375
 1.0 14.38593
 1.0 14.73021
 1.0 16.20995
 1.0 16.52029
 1.0 16.21252
 1.0 14.73304
 1.0 14.38592
 1.0 14.73359
 1.0 13.95037
 1.0 12.45181
 1.0 12.29599
 1.0 10.8551
 1.0 10.07813
 1.0 8.62656
 2.0 8.76144
 1.0 10.07978
 1.0 8.40041
 1.0 9.64767
 1.0 9.44453
 1.0 8.9816
 1.0 3.83819
 1.0 3.84037
 1.0 16.26115
 1.0 16.98501
 1.0 16.35157
 1.0 17.51855
 1.0 18.48969
 1.0 19.6876
 1.0 20.70695
 1.0 20.15455
 1.0 19.78261
 1.0 19.36458
 1.0 18.14475
 1.0 17.86265
 1.0 16.71904
 1.0 15.4404
 1.0 14.32009
 1.0 14.18127
 1.0 13.18993
 1.0 13.27498
 1.0 12.46186
 1.0 10.97149
 1.0 10.27879
 1.0 8.77132
 1.0 8.64464
 1.0 9.46575
 1.0 9.00268
 1.0 9.12407
 1.0 10.5814
 1.0 10.97682
 1.0 10.27715
 1.0 8.76973
 1.0 8.26103
 1.0 8.75704
 1.0 8.61564
 1.0 9.42748
 1.0 10.8436
 1.0 10.95452
 1.0 13.25762
 1.0 14.72701
 1.0 15.2173
 1.0 16.7001
 1.0 16.95604
 1.0 16.51592
 1.0 15.01511
 1.0 14.72737
 1.0 15.22094
 1.0 14.51817
 1.0 13.02588
 1.0 12.93726
 1.0 11.50981
 1.0 10.85255
 1.0 9.43864
 1.0 9.64305
 1.0 10.37828
 1.0 10.85432
 1.0 10.07646
 1.0 9.64363
 1.0 9.10603
 1.0 7.87317
 1.0 5.20642
 1.0 4.98279
 1.0 16.97927
 1.0 17.80501
 1.0 17.15653
 1.0 18.31408
 1.0 19.20423
 1.0 20.39776
 1.0 21.34649
 1.0 20.69889
 1.0 20.29877
 1.0 19.77417
 1.0 18.54011
 1.0 18.13617
 1.0 16.966
 1.0 15.75761
 1.0 14.60937
 1.0 13.27248
 1.0 12.3003
 1.0 10.86051
 1.0 10.08479
 1.0 8.635
 1.0 8.77577
 1.0 9.66615
 1.0 9.12989
 1.0 8.99434
 1.0 10.39413
 1.0 10.86717
 1.0 10.0834
 1.0 8.6337
 1.0 8.02044
 1.0 8.25296
 1.0 8.00657
 1.0 8.60791
 1.0 10.06133
 1.0 10.25688
 1.0 11.77051
 1.0 12.43935
 1.0 13.93864
 1.0 14.50862
 1.0 16.00798
 1.0 16.32252
 1.0 15.81645
 1.0 14.2972
 1.0 13.93903
 1.0 14.51244
 1.0 13.94161
 1.0 12.44312
 1.0 12.28718
 1.0 10.8464
 1.0 10.37322
 1.0 8.97107
 1.0 9.10084
 1.0 9.63786
 1.0 10.07177
 1.0 8.97321
 1.0 8.01483
 1.0 8.97384
 1.0 8.39379
 2.0 7.86965
 1.0 6.75689
 1.0 5.56243
 1.0 4.56858
 1.0 4.30685
 1.0 3.8324
 1.0 4.9772
 1.0 5.20749
 1.0 2.91874
 1.0 3.52258
 1.0 18.0647
 1.0 18.8846
 1.0 18.31651
 1.0 19.52462
 1.0 20.39981
 1.0 21.63505
 1.0 22.56599
 1.0 21.91855
 1.0 21.57691
 1.0 21.04683
 1.0 19.77447
 1.0 19.35569
 1.0 18.13587
 1.0 16.96551
 1.0 15.75762
 1.0 15.43104
 1.0 14.31078
 1.0 14.17109
 1.0 11.7823
 1.0 10.85899
 1.0 9.44666
 1.0 9.65752
 1.0 10.39923
 1.0 9.66473
 1.0 9.45402
 1.0 10.86539
 1.0 11.52265
 1.0 10.85796
 1.0 9.44547
 1.0 8.97484
 1.0 9.09724
 1.0 8.96089
 1.0 9.41894
 1.0 10.8349
 1.0 10.94642
 1.0 12.43823
 1.0 13.01269
 1.0 14.50595
 1.0 15.20836
 1.0 16.69113
 1.0 16.94753
 1.0 16.3186
 1.0 14.79893
 1.0 14.5067
 1.0 15.21237
 1.0 14.7221
 1.0 13.25384
 1.0 13.16674
 1.0 11.76835
 1.0 11.40262
 1.0 10.06765
 1.0 10.25953
 1.0 10.66558
 1.0 11.12933
 1.0 10.06983
 1.0 8.97011
 1.0 9.75677
 1.0 8.97012
 1.0 8.38982
 2.0 7.46188
 1.0 6.27858
 1.0 5.56042
 1.0 5.20055
 1.0 4.97497
 2.0 6.28434
 1.0 5.77422
 1.0 3.52417
 1.0 2.91971
 1.0 19.05217
 1.0 19.79246
 1.0 19.21045
 1.0 20.40375
 1.0 21.35208
 1.0 22.56967
 1.0 23.56259
 1.0 22.97668
 1.0 22.6164
 1.0 22.14589
 1.0 20.90311
 1.0 20.54474
 1.0 19.35957
 1.0 18.13985
 1.0 16.96961
 1.0 16.71272
 1.0 15.63444
 1.0 15.55603
 1.0 14.60539
 1.0 13.18237
 1.0 12.30078
 1.0 10.86156
 1.0 10.97609
 1.0 11.70116
 1.0 10.98244
 2.0 10.86797
 1.0 12.30644
 1.0 12.95082
 1.0 12.29964
 1.0 10.86028
 1.0 10.37835
 1.0 10.55723
 1.0 10.36468
 1.0 10.83413
 1.0 12.27657
 1.0 12.43801
 1.0 13.93725
 1.0 14.50519
 1.0 16.00469
 1.0 16.69063
 1.0 18.18059
 1.0 18.45859
 1.0 17.8392
 1.0 16.31843
 1.0 16.00538
 1.0 16.69461
 1.0 16.20172
 2.0 14.72285
 1.0 14.59149
 1.0 13.16758
 1.0 12.78171
 1.0 11.40407
 1.0 11.50667
 2.0 11.935
 1.0 12.28829
 1.0 11.13032
 1.0 10.06901
 1.0 10.84715
 1.0 10.06819
 1.0 9.63585
 1.0 8.75192
 1.0 6.75524
 1.0 6.58148
 1.0 6.28303
 1.0 7.62545
 2.0 6.58991
 1.0 5.57093
 1.0 4.57711
 1.0 4.3133
 1.0 19.7123
 1.0 20.46657
 1.0 19.78695
 1.0 20.91
 1.0 21.87157
 1.0 23.02775
 1.0 24.03376
 1.0 23.42645
 1.0 22.97205
 1.0 22.47441
 1.0 21.28767
 1.0 20.89871
 1.0 19.77445
 1.0 18.54054
 1.0 17.44224
 1.0 17.14713
 1.0 16.14655
 1.0 16.02218
 1.0 15.1527
 1.0 13.73037
 1.0 12.94697
 1.0 11.5217
 1.0 11.6964
 1.0 12.56605
 1.0 11.96509
 1.0 11.79413
 1.0 13.18998
 1.0 13.73646
 1.0 12.94567
 2.0 11.52049
 1.0 10.8549
 1.0 10.9553
 1.0 10.55144
 1.0 10.94211
 1.0 12.43399
 1.0 12.77698
 1.0 14.29449
 1.0 14.79631
 1.0 16.31623
 1.0 16.94343
 1.0 18.45468
 1.0 18.85254
 1.0 18.28925
 1.0 16.76325
 1.0 16.31656
 1.0 16.94735
 1.0 16.50919
 1.0 15.00901
 1.0 13.25467
 1.0 12.93168
 1.0 11.50475
 1.0 11.40406
 1.0 11.77046
 1.0 10.66661
 1.0 9.63497
 1.0 10.37079
 1.0 9.63412
 1.0 9.43159
 1.0 8.61691
 1.0 7.19617
 1.0 6.57937
 1.0 6.75485
 1.0 7.62107
 1.0 7.87388
 1.0 6.76223
 1.0 6.28922
 1.0 5.2091
 1.0 20.46127
 1.0 21.29851
 1.0 20.60873
 1.0 21.72472
 1.0 22.617
 1.0 23.76929
 1.0 24.71338
 1.0 24.02647
 1.0 23.55087
 1.0 22.96454
 1.0 21.76932
 1.0 21.27997
 1.0 20.13894
 1.0 18.97043
 1.0 17.85565
 1.0 17.43443
 1.0 16.40467
 1.0 16.13863
 1.0 15.22551
 1.0 13.86768
 1.0 13.03382
 1.0 11.6869
 1.0 12.05392
 1.0 12.95921
 1.0 12.31527
 1.0 11.95603
 1.0 13.27567
 1.0 13.87431
 1.0 13.03274
 1.0 11.68594
 1.0 10.96012
 1.0 10.84697
 1.0 10.36469
 1.0 10.54355
 1.0 12.01952
 1.0 12.43647
 1.0 13.93468
 1.0 14.28693
 1.0 15.8061
 1.0 16.49944
 1.0 18.00431
 1.0 18.45394
 1.0 17.83502
 1.0 16.31471
 1.0 15.80644
 1.0 16.50347
 1.0 16.19761
 1.0 14.7189
 1.0 14.37317
 1.0 12.92588
 1.0 12.77802
 1.0 11.40066
 1.0 11.23025
 1.0 11.39967
 1.0 11.50231
 1.0 10.2568
 1.0 9.09472
 1.0 9.63209
 1.0 8.74621
 1.0 8.61304
 1.0 8.00861
 2.0 6.57515
 1.0 6.27639
 2.0 7.86964
 1.0 8.39677
 1.0 7.4697
 1.0 6.28656
 1.0 7.04514
 1.0 6.29011
 1.0 4.57345
 3.0 5.57041
 1.0 19.54384
 1.0 20.45624
 1.0 19.77683
 1.0 20.90003
 1.0 21.7191
 1.0 22.88263
 1.0 23.76404
 1.0 23.01569
 1.0 22.55363
 1.0 21.90583
 1.0 20.68718
 1.0 20.13369
 1.0 18.96487
 1.0 17.85004
 1.0 16.70723
 1.0 16.20923
 1.0 15.14773
 1.0 14.80772
 1.0 13.86327
 1.0 12.54367
 1.0 11.68214
 1.0 10.38425
 1.0 10.86591
 1.0 11.79576
 1.0 11.15487
 1.0 10.68598
 1.0 11.95113
 1.0 12.55077
 1.0 11.68117
 1.0 10.38344
 1.0 9.6411
 1.0 9.43164
 1.0 8.9609
 1.0 9.0835
 1.0 10.54301
 1.0 10.94466
 1.0 12.43535
 1.0 12.76916
 1.0 14.28673
 1.0 14.99848
 1.0 16.49911
 1.0 16.94246
 1.0 16.31404
 1.0 14.79483
 1.0 14.28711
 1.0 15.00254
 1.0 14.71758
 1.0 13.24945
 1.0 12.92459
 1.0 11.49751
 1.0 11.39848
 1.0 10.06379
 1.0 9.9488
 1.0 10.0635
 1.0 10.25572
 1.0 9.09592
 1.0 7.86185
 1.0 8.38649
 1.0 7.45742
 1.0 7.19309
 1.0 5.19467
 1.0 4.96826
 1.0 5.19736
 1.0 5.56045
 1.0 6.75565
 1.0 7.46672
 1.0 6.76017
 1.0 6.28745
 1.0 3.51942
 1.0 5.21014
 1.0 18.87798
 1.0 19.78178
 1.0 19.20004
 1.0 20.39353
 1.0 21.19602
 1.0 22.42171
 1.0 23.28766
 1.0 22.5581
 1.0 22.19166
 1.0 21.56918
 1.0 20.29179
 1.0 19.76674
 1.0 18.53262
 1.0 17.43412
 1.0 16.21388
 1.0 15.74986
 1.0 14.60158
 1.0 14.3032
 1.0 13.26412
 1.0 11.9425
 1.0 10.96291
 1.0 9.64774
 1.0 10.08729
 1.0 10.87052
 1.0 10.09447
 1.0 9.65524
 1.0 10.96951
 1.0 11.68689
 1.0 10.96214
 1.0 9.64687
 1.0 9.10243
 1.0 8.96772
 1.0 8.74181
 1.0 8.955
 1.0 10.35877
 1.0 10.54881
 1.0 12.02483
 1.0 12.43265
 1.0 13.93188
 1.0 14.71419
 1.0 16.19384
 1.0 16.50484
 1.0 15.80979
 1.0 14.29081
 1.0 13.93266
 1.0 14.71833
 1.0 14.37357
 1.0 12.92611
 1.0 12.7765
 1.0 11.39871
 1.0 11.22953
 1.0 9.94993
 1.0 10.06763
 1.0 10.25708
 1.0 10.66634
 1.0 9.63696
 2.0 8.38979
 1.0 8.97073
 1.0 8.01239
 1.0 7.46114
 1.0 6.75318
 1.0 5.55891
 1.0 5.20052
 1.0 4.97162
 1.0 5.20268
 2.0 6.58399
 1.0 4.57589
 1.0 3.521
 1.0 2.91873
 2.0 4.31327
 2.0 4.98165
 3.0 3.83744
 1.0 18.06501
 1.0 18.88461
 1.0 18.31652
 1.0 19.52463
 1.0 20.40009
 1.0 21.63532
 1.0 22.56649
 1.0 21.91932
 1.0 21.57769
 1.0 21.04789
 1.0 19.77559
 1.0 19.35713
 1.0 18.13741
 1.0 16.96682
 1.0 15.75904
 1.0 15.43285
 1.0 14.31272
 1.0 14.17345
 1.0 13.18236
 1.0 11.78466
 1.0 10.86155
 1.0 9.44901
 1.0 9.65925
 1.0 10.40084
 1.0 9.66646
 1.0 9.45637
 1.0 10.86795
 1.0 11.52506
 1.0 10.86052
 1.0 9.44782
 1.0 8.97731
 1.0 9.10028
 1.0 8.96398
 1.0 9.42247
 1.0 10.83848
 1.0 10.94996
 1.0 12.4418
 1.0 13.01652
 1.0 14.50977
 1.0 15.21201
 1.0 16.69479
 1.0 16.95113
 1.0 16.32235
 1.0 14.80268
 1.0 14.51053
 1.0 15.21601
 1.0 14.72549
 1.0 13.25718
 1.0 13.17011
 1.0 11.77165
 1.0 11.40553
 1.0 10.0704
 1.0 10.26223
 1.0 10.6687
 1.0 11.13231
 1.0 10.07257
 2.0 8.9732
 1.0 9.76017
 1.0 8.97383
 2.0 8.39378
 1.0 7.4656
 1.0 6.28211
 1.0 5.56341
 1.0 5.20374
 1.0 4.97719
 1.0 5.7742
 1.0 3.52416
 2.0 3.83889
 1.0 4.31456
 1.0 3.83816
 3.0 2.48915
 2.0 1.52599
 1.0 19.05508
 1.0 19.79526
 1.0 19.21305
 1.0 20.40619
 1.0 21.35468
 1.0 22.57212
 1.0 23.56517
 1.0 22.97933
 1.0 22.61885
 1.0 22.14839
 1.0 20.90576
 1.0 20.54743
 1.0 19.36243
 1.0 18.14259
 1.0 16.97255
 1.0 16.7157
 1.0 15.63763
 1.0 15.55924
 1.0 14.60881
 1.0 13.18573
 1.0 12.30439
 1.0 10.86514
 1.0 10.97963
 1.0 11.70496
 1.0 10.98649
 1.0 10.87205
 1.0 12.3105
 1.0 12.95468
 1.0 12.30325
 1.0 10.86385
 1.0 10.38155
 1.0 10.36734
 1.0 10.83668
 1.0 12.27928
 1.0 12.44112
 1.0 13.94043
 1.0 14.50824
 1.0 16.00781
 1.0 16.69361
 1.0 18.18363
 1.0 18.46189
 1.0 17.84262
 1.0 16.32182
 1.0 16.00849
 1.0 16.69759
 1.0 16.20479
 1.0 14.72585
 1.0 14.59414
 1.0 13.17009
 1.0 12.78431
 1.0 11.40649
 1.0 11.50858
 1.0 11.93685
 1.0 12.28962
 1.0 11.1313
 1.0 10.07009
 2.0 10.84815
 1.0 10.06927
 1.0 9.63756
 1.0 8.75381
 1.0 7.46335
 1.0 6.75687
 1.0 6.28566
 1.0 7.4708
 1.0 7.62762
 2.0 6.59158
 1.0 5.2112
 1.0 5.57391
 1.0 4.58074
 1.0 4.31715
 1.0 4.98276
 1.0 5.21227
 3.0 4.31584
 2.0 2.92253
 2.0 2.49361
 1.0 1.52963
 1.0 20.18269
 1.0 20.92054
 1.0 20.40825
 1.0 21.64313
 1.0 22.57385
 1.0 23.82676
 1.0 24.80071
 1.0 24.2123
 1.0 23.90277
 1.0 23.42455
 1.0 22.1484
 1.0 21.77443
 1.0 20.5469
 1.0 19.362
 1.0 18.14231
 1.0 17.8583
 1.0 16.71472
 1.0 16.59411
 1.0 15.55747
 1.0 14.17542
 1.0 13.18407
 1.0 11.78704
 1.0 11.9588
 1.0 12.56672
 1.0 11.70308
 1.0 11.52774
 1.0 12.95276
 1.0 13.73706
 1.0 13.18322
 1.0 11.78586
 1.0 11.41069
 1.0 11.39654
 1.0 11.75845
 1.0 13.15873
 1.0 13.25176
 1.0 14.72097
 1.0 15.20817
 1.0 16.69112
 1.0 17.48364
 1.0 18.9523
 1.0 19.17922
 1.0 18.45814
 1.0 16.94719
 1.0 16.69211
 1.0 17.48776
 1.0 17.06382
 1.0 15.617
 1.0 15.54297
 1.0 14.16009
 1.0 13.85863
 1.0 12.53764
 1.0 12.69201
 1.0 13.02158
 1.0 13.40385
 1.0 12.28803
 1.0 11.12831
 1.0 11.7709
 1.0 10.84457
 1.0 10.3705
 1.0 9.6364
 1.0 7.8682
 1.0 7.61923
 1.0 8.76015
 1.0 8.98189
 1.0 8.02488
 1.0 6.7688
 1.0 5.21228
 1.0 6.29007
 1.0 6.59242
 1.0 5.7766
 1.0 3.84106
 1.0 19.69512
 1.0 20.41238
 1.0 20.00375
 1.0 21.29881
 1.0 22.20946
 1.0 23.51503
 1.0 24.47008
 1.0 23.9063
 1.0 23.69125
 1.0 23.24239
 1.0 21.92008
 1.0 21.57847
 1.0 20.30071
 1.0 19.14062
 1.0 17.86222
 1.0 17.61819
 1.0 16.41045
 1.0 16.3356
 1.0 15.23027
 1.0 13.87089
 1.0 12.79523
 1.0 11.41777
 1.0 11.52726
 1.0 11.9637
 1.0 10.98246
 1.0 12.30712
 1.0 13.18914
 1.0 12.79456
 1.0 11.41655
 1.0 11.23798
 1.0 11.40313
 1.0 11.49752
 1.0 11.92221
 1.0 13.24754
 1.0 13.16423
 1.0 14.58979
 1.0 15.13307
 1.0 16.57654
 1.0 17.41915
 1.0 18.85221
 1.0 18.95789
 1.0 18.18533
 1.0 16.69578
 1.0 16.57787
 1.0 17.42329
 1.0 16.9516
 1.0 15.54406
 1.0 15.61948
 1.0 14.29813
 1.0 13.94359
 1.0 12.69247
 1.0 13.025
 1.0 13.40469
 1.0 13.94435
 1.0 12.93528
 1.0 11.77349
 1.0 12.44573
 1.0 11.50639
 1.0 10.07148
 1.0 8.97257
 1.0 8.39442
 1.0 7.87103
 1.0 7.6236
 1.0 8.97972
 1.0 9.11091
 1.0 8.26299
 2.0 6.76551
 1.0 6.59413
 1.0 5.21389
 1.0 4.98389
 1.0 5.21013
 1.0 6.59116
 1.0 6.10125
 1.0 4.57525
 1.0 18.73831
 1.0 19.52995
 1.0 19.14356
 1.0 20.45494
 1.0 21.29245
 1.0 22.61646
 1.0 23.50904
 1.0 22.88841
 1.0 22.69836
 1.0 22.1952
 1.0 20.84405
 1.0 20.44732
 1.0 19.13498
 1.0 18.02913
 1.0 16.7126
 1.0 16.40521
 1.0 15.15254
 1.0 15.02086
 1.0 13.86729
 1.0 12.5459
 1.0 11.41412
 1.0 10.07904
 1.0 10.27694
 1.0 10.69093
 1.0 9.66189
 1.0 9.45168
 1.0 10.86413
 1.0 11.78776
 1.0 11.41362
 1.0 10.07793
 1.0 9.95445
 1.0 10.06521
 1.0 10.249
 1.0 10.65206
 1.0 11.92339
 1.0 11.76437
 1.0 13.16466
 1.0 13.7089
 1.0 15.13436
 1.0 16.00416
 1.0 17.41996
 1.0 17.48955
 1.0 16.69597
 1.0 15.21366
 1.0 15.13581
 1.0 16.00832
 1.0 15.54283
 1.0 14.15972
 1.0 14.29698
 1.0 13.02033
 1.0 12.6903
 1.0 11.50548
 1.0 11.93663
 1.0 12.2876
 1.0 12.93443
 1.0 12.03467
 1.0 10.84866
 1.0 11.50832
 1.0 10.55976
 1.0 9.75875
 1.0 8.01549
 1.0 7.46595
 1.0 6.75769
 1.0 6.58526
 1.0 8.25964
 3.0 7.62544
 1.0 5.77518
 1.0 4.31262
 1.0 5.77372
 1.0 5.7718
 1.0 4.31005
 1.0 2.91683
 1.0 4.31198
 1.0 18.38173
 1.0 19.14738
 1.0 18.87687
 1.0 20.24416
 1.0 21.05367
 1.0 22.42663
 1.0 23.29359
 1.0 22.70159
 1.0 22.61317
 1.0 22.14347
 1.0 20.75138
 1.0 20.39129
 1.0 19.03414
 1.0 17.96477
 1.0 16.59619
 1.0 16.33462
 1.0 15.02422
 1.0 14.94391
 1.0 13.72717
 1.0 12.45254
 1.0 11.24221
 1.0 9.96118
 1.0 10.08402
 1.0 10.28157
 1.0 9.12202
 1.0 8.98695
 1.0 10.38882
 1.0 11.41949
 1.0 11.24195
 1.0 9.96006
 1.0 10.06909
 1.0 10.25525
 1.0 10.6565
 1.0 11.11537
 1.0 12.27678
 1.0 11.92876
 1.0 13.25406
 1.0 13.85143
 1.0 15.21329
 1.0 16.12728
 1.0 17.48937
 1.0 17.42556
 1.0 16.58209
 1.0 15.1395
 1.0 15.2151
 1.0 16.13141
 1.0 15.61952
 1.0 14.29796
 1.0 14.59434
 1.0 13.40389
 1.0 13.02355
 1.0 11.93689
 1.0 12.54009
 1.0 12.93509
 1.0 13.72181
 1.0 12.937
 1.0 11.77609
 1.0 12.44953
 1.0 11.51121
 1.0 10.56292
 1.0 9.76216
 1.0 8.97628
 1.0 8.39674
 2.0 7.46819
 1.0 7.20502
 2.0 8.62655
 1.0 8.76145
 1.0 8.26031
 1.0 6.76264
 1.0 5.20906
 2.0 6.58948
 1.0 5.20481
 1.0 5.77276
 1.0 5.77517
 1.0 17.72305
 1.0 18.38976
 1.0 18.15037
 1.0 19.52913
 1.0 20.4059
 1.0 21.78438
 1.0 22.71078
 1.0 22.20828
 1.0 22.15252
 1.0 21.78001
 1.0 20.4007
 1.0 20.1502
 1.0 18.81641
 1.0 17.68907
 1.0 16.34432
 1.0 16.22283
 1.0 14.95396
 1.0 15.02901
 1.0 13.87511
 1.0 12.55233
 1.0 11.41996
 1.0 10.08289
 1.0 9.97346
 1.0 10.09753
 1.0 8.99965
 1.0 9.12167
 1.0 10.58091
 1.0 11.52798
 1.0 11.41946
 1.0 10.08151
 1.0 10.26419
 1.0 10.66745
 1.0 11.12287
 1.0 11.76291
 1.0 12.92737
 1.0 12.53611
 1.0 13.86045
 1.0 14.59319
 1.0 15.94133
 1.0 16.76999
 1.0 18.12745
 1.0 18.02326
 1.0 17.25375
 1.0 15.82238
 1.0 15.94306
 1.0 16.77396
 1.0 16.13864
 1.0 14.81015
 1.0 15.14735
 1.0 13.94756
 1.0 13.40991
 1.0 12.29328
 1.0 12.93939
 1.0 13.49622
 1.0 14.30588
 1.0 13.49662
 1.0 12.45042
 1.0 13.26592
 1.0 12.45175
 1.0 11.51411
 1.0 10.56607
 1.0 9.76442
 1.0 8.97876
 1.0 8.02173
 1.0 7.47191
 1.0 8.76333
 1.0 8.63043
 1.0 8.02385
 1.0 5.77711
 1.0 4.57829
 1.0 5.56989
 1.0 6.76468
 1.0 6.58822
 1.0 4.97608
 1.0 5.20907
 1.0 4.57162
 2.0 6.09762
 1.0 6.76305
 1.0 17.52362
 1.0 18.15471
 1.0 18.04171
 1.0 19.46832
 1.0 20.31
 1.0 21.73052
 1.0 22.62527
 1.0 22.1562
 1.0 22.20542
 1.0 21.86966
 1.0 20.45827
 1.0 20.2472
 1.0 18.87895
 1.0 17.7987
 1.0 16.41543
 1.0 16.34246
 1.0 15.03182
 1.0 15.15824
 1.0 13.95919
 1.0 12.70567
 1.0 11.52075
 1.0 10.2718
 1.0 10.08706
 1.0 9.97907
 1.0 8.77838
 1.0 8.99127
 1.0 10.39523
 1.0 11.42606
 1.0 10.27044
 1.0 10.67033
 1.0 11.12937
 1.0 11.76623
 1.0 12.43616
 1.0 13.48614
 1.0 12.93275
 1.0 14.16619
 1.0 14.93641
 1.0 16.20889
 1.0 17.07032
 1.0 18.36395
 1.0 18.13314
 1.0 17.32367
 1.0 15.9469
 1.0 16.21093
 1.0 17.07422
 1.0 16.40282
 1.0 15.14865
 1.0 15.6282
 1.0 14.5216
 1.0 13.94997
 1.0 12.94005
 1.0 13.72608
 1.0 14.30685
 1.0 15.22674
 1.0 14.52234
 1.0 13.49825
 1.0 14.30877
 1.0 13.50009
 1.0 12.45487
 1.0 11.51652
 1.0 10.85709
 1.0 10.07918
 1.0 8.98124
 1.0 8.40138
 1.0 9.64909
 1.0 9.4463
 1.0 7.62654
 1.0 5.5719
 1.0 6.76508
 1.0 7.87739
 1.0 7.62435
 1.0 6.28346
 1.0 5.77469
 1.0 8.26064
 1.0 8.0235
 1.0 16.62845
 1.0 17.33635
 1.0 17.26357
 1.0 18.70781
 1.0 19.46293
 1.0 20.90369
 1.0 21.72544
 1.0 21.20064
 1.0 21.28903
 1.0 20.9022
 1.0 19.4609
 1.0 19.1993
 1.0 17.79452
 1.0 16.78336
 1.0 15.35969
 1.0 15.23181
 1.0 13.87277
 1.0 13.95523
 1.0 12.70438
 1.0 11.51667
 1.0 10.271
 1.0 9.10675
 1.0 8.98266
 1.0 8.77207
 1.0 7.48326
 1.0 7.63321
 1.0 8.99035
 1.0 10.08733
 1.0 10.27099
 1.0 9.10552
 1.0 9.6362
 1.0 10.06685
 1.0 10.83949
 1.0 11.49724
 1.0 12.43974
 1.0 11.77119
 1.0 12.93555
 1.0 13.7194
 1.0 14.93977
 1.0 15.82099
 1.0 17.07294
 1.0 16.77781
 1.0 15.94866
 1.0 14.60176
 1.0 14.94198
 1.0 15.82484
 1.0 15.14848
 1.0 13.94858
 1.0 14.52161
 1.0 13.49706
 1.0 12.93921
 1.0 12.03842
 1.0 12.93983
 1.0 13.49766
 1.0 14.52273
 1.0 13.95033
 1.0 12.9415
 1.0 13.72907
 1.0 12.9447
 1.0 11.78456
 1.0 10.85888
 1.0 10.38358
 1.0 9.64704
 1.0 8.40103
 2.0 7.87597
 1.0 8.98037
 1.0 8.76051
 2.0 7.46971
 1.0 6.28702
 1.0 4.97833
 3.0 5.2096
 1.0 6.58946
 1.0 7.62543
 1.0 7.46748
 1.0 7.61925
 1.0 6.58232
 1.0 6.09945
 1.0 6.75977
 1.0 8.25762
 1.0 8.26098
 1.0 16.60372
 1.0 17.26749
 1.0 17.32932
 1.0 18.81004
 1.0 19.522
 1.0 20.9959
 1.0 21.77901
 1.0 21.29235
 1.0 21.48899
 1.0 21.1429
 1.0 19.67959
 1.0 19.46121
 1.0 18.03357
 1.0 17.08154
 1.0 15.63511
 1.0 15.55991
 1.0 14.17729
 1.0 14.31281
 1.0 13.03643
 1.0 11.94629
 1.0 10.67767
 1.0 9.64287
 1.0 9.4432
 1.0 8.98765
 1.0 7.63364
 1.0 7.88105
 1.0 9.11803
 1.0 10.27724
 1.0 10.67792
 1.0 9.64171
 1.0 10.37139
 1.0 10.84514
 1.0 11.76552
 1.0 12.43727
 1.0 13.25569
 1.0 12.44467
 1.0 13.49461
 1.0 15.42744
 1.0 16.33015
 1.0 17.50207
 1.0 17.07849
 1.0 16.21679
 1.0 14.94571
 1.0 15.42994
 1.0 16.33388
 1.0 15.62947
 1.0 14.52278
 1.0 15.22769
 1.0 14.30805
 1.0 13.72612
 1.0 12.94028
 1.0 13.95077
 1.0 14.52351
 1.0 15.63049
 1.0 15.15118
 1.0 14.17319
 1.0 14.94826
 1.0 14.1767
 1.0 12.94728
 1.0 12.04619
 1.0 11.68582
 1.0 10.96559
 1.0 9.64877
 1.0 9.10998
 1.0 10.27144
 1.0 10.0798
 1.0 8.76018
 1.0 7.47084
 1.0 8.02314
 1.0 8.75764
 1.0 8.97387
 1.0 8.01589
 3.0 8.2593
 1.0 8.25729
 1.0 9.76391
 2.0 10.26982
 1.0 9.76731
 1.0 8.26131
 1.0 18.05875
 1.0 18.71292
 1.0 18.81093
 1.0 20.29829
 1.0 20.99655
 1.0 22.47737
 1.0 23.24379
 1.0 22.75391
 1.0 22.97166
 1.0 22.61351
 1.0 21.14184
 1.0 20.90116
 1.0 19.4595
 1.0 18.53922
 1.0 17.07991
 1.0 16.96482
 1.0 15.5574
 1.0 15.6308
 1.0 14.30932
 1.0 13.26587
 1.0 11.94256
 1.0 10.95712
 1.0 10.85473
 1.0 10.38676
 1.0 8.98455
 1.0 9.10981
 1.0 10.27399
 1.0 11.51934
 1.0 11.94301
 1.0 10.9561
 1.0 11.66977
 1.0 12.02759
 1.0 12.92351
 1.0 13.47975
 1.0 14.29249
 1.0 13.48658
 1.0 14.51436
 1.0 15.21691
 1.0 16.32606
 1.0 17.31662
 1.0 18.46776
 1.0 18.02405
 1.0 17.07392
 1.0 15.82309
 1.0 16.32876
 1.0 17.32046
 1.0 16.70478
 1.0 15.62503
 1.0 16.32998
 1.0 15.42619
 1.0 14.94054
 1.0 14.16777
 1.0 15.14774
 1.0 15.62677
 1.0 16.70722
 1.0 16.2123
 1.0 15.14933
 1.0 15.82759
 1.0 14.94602
 1.0 13.72906
 1.0 12.94343
 1.0 12.54734
 1.0 11.9452
 1.0 10.67675
 1.0 10.26899
 1.0 11.41431
 1.0 11.24215
 1.0 9.9611
 1.0 8.76083
 1.0 8.98002
 1.0 9.95887
 2.0 10.0729
 1.0 9.10725
 1.0 10.26684
 1.0 10.67652
 1.0 18.70458
 1.0 19.45697
 1.0 19.51172
 1.0 20.98594
 1.0 21.62548
 1.0 23.09916
 1.0 23.81239
 1.0 23.23445
 1.0 23.41491
 1.0 22.96245
 1.0 21.47914
 1.0 21.13237
 1.0 19.66884
 1.0 18.80113
 1.0 17.3198
 1.0 17.07045
 1.0 15.62372
 1.0 15.54775
 1.0 14.16473
 1.0 13.17023
 1.0 11.77154
 1.0 10.84395
 1.0 10.95514
 1.0 10.56472
 1.0 9.10622
 1.0 8.97399
 1.0 10.07523
 1.0 11.40981
 1.0 11.77223
 1.0 10.84318
 1.0 11.49709
 1.0 11.66213
 1.0 12.52283
 1.0 12.91706
 1.0 13.70544
 1.0 12.92268
 1.0 13.93527
 1.0 14.50594
 1.0 15.6149
 1.0 16.69381
 1.0 17.84077
 1.0 17.42543
 1.0 16.39405
 1.0 15.13933
 1.0 15.61773
 1.0 16.69779
 1.0 16.20261
 1.0 15.13915
 1.0 15.81697
 1.0 14.93495
 1.0 14.59324
 1.0 13.85806
 1.0 14.80641
 1.0 15.14314
 1.0 16.2082
 1.0 15.74771
 1.0 14.59848
 1.0 15.14823
 1.0 14.17043
 1.0 12.9402
 1.0 12.29436
 1.0 11.94263
 1.0 11.51243
 1.0 10.26573
 1.0 10.07481
 1.0 11.41065
 1.0 11.51201
 1.0 11.41042
 1.0 10.07455
 1.0 8.97635
 1.0 7.62108
 1.0 8.7592
 1.0 9.95997
 1.0 9.10115
 1.0 8.01934
 1.0 8.62333
 1.0 10.07591
 1.0 10.26872
 1.0 8.02246
 1.0 18.04092
 1.0 18.86024
 1.0 18.95837
 1.0 20.43433
 1.0 20.9799
 1.0 22.4612
 1.0 23.09344
 1.0 22.46331
 1.0 22.68471
 1.0 22.18324
 1.0 20.68191
 1.0 20.2842
 1.0 18.7963
 1.0 18.01603
 1.0 16.51171
 1.0 16.20324
 1.0 14.72452
 1.0 14.59202
 1.0 13.16816
 1.0 12.28303
 1.0 10.84219
 1.0 10.06143
 1.0 10.25509
 1.0 9.75642
 1.0 8.25042
 1.0 8.0105
 1.0 8.97155
 1.0 10.37284
 1.0 10.8432
 1.0 10.06087
 1.0 10.83547
 1.0 10.94135
 1.0 11.92084
 1.0 12.2727
 1.0 12.92095
 1.0 12.02229
 1.0 12.92572
 1.0 13.48289
 1.0 14.50979
 1.0 15.61511
 1.0 16.69683
 1.0 16.20385
 1.0 15.14102
 1.0 13.94066
 1.0 14.51284
 1.0 15.61901
 1.0 15.13882
 1.0 14.16017
 1.0 14.93498
 1.0 14.16288
 1.0 13.85709
 1.0 13.25743
 1.0 14.3005
 1.0 14.59662
 1.0 15.74843
 1.0 15.4258
 1.0 14.30548
 1.0 14.8146
 1.0 13.86978
 1.0 12.548
 1.0 11.94497
 1.0 11.78197
 1.0 11.41279
 1.0 10.07644
 1.0 9.95885
 1.0 11.23893
 1.0 11.40897
 1.0 11.51056
 1.0 9.10301
 1.0 7.62216
 1.0 10.07592
 1.0 10.66898
 1.0 9.63845
 1.0 9.44011
 1.0 9.43951
 1.0 10.85483
 1.0 10.9641
 1.0 10.27007
 1.0 8.76142
 1.0 8.98158
 1.0 7.62689
 1.0 18.85271
 1.0 19.75641
 1.0 19.81118
 1.0 21.264
 1.0 21.75246
 1.0 23.21748
 1.0 23.79643
 1.0 23.08476
 1.0 23.26722
 1.0 22.67612
 1.0 21.17367
 1.0 20.67303
 1.0 19.17548
 1.0 18.45437
 1.0 16.9439
 1.0 16.50295
 1.0 15.00287
 1.0 14.71545
 1.0 13.24728
 1.0 12.43187
 1.0 10.94095
 1.0 10.24559
 1.0 10.65663
 1.0 10.25296
 1.0 8.74514
 1.0 8.2413
 1.0 9.09126
 1.0 10.54946
 1.0 10.9422
 1.0 10.24531
 1.0 10.93682
 1.0 10.82879
 1.0 11.75233
 1.0 11.91524
 1.0 12.51885
 1.0 11.65549
 1.0 12.52223
 1.0 12.91755
 1.0 13.92932
 1.0 15.128
 1.0 16.1934
 1.0 15.73375
 1.0 14.58436
 1.0 13.39321
 1.0 13.9325
 1.0 15.13203
 1.0 14.79412
 1.0 13.8481
 1.0 14.5866
 1.0 13.85207
 1.0 13.71017
 1.0 13.16384
 1.0 14.15935
 1.0 14.2964
 1.0 15.42059
 1.0 15.14312
 1.0 13.94514
 1.0 14.30508
 1.0 13.26632
 1.0 11.9424
 1.0 11.51122
 1.0 11.41107
 1.0 11.23863
 1.0 9.9566
 1.0 10.07151
 1.0 11.40627
 1.0 11.77333
 1.0 11.93782
 1.0 10.66925
 1.0 9.63818
 1.0 8.39182
 1.0 9.10479
 1.0 10.2644
 1.0 10.6682
 1.0 11.13035
 1.0 10.07013
 1.0 9.64189
 1.0 8.75762
 1.0 9.64217
 1.0 10.96131
 1.0 10.85712
 1.0 10.07865
 1.0 8.62654
 1.0 8.75953
 1.0 9.64621
 1.0 9.10968
 1.0 7.87668
 2.0 5.5689
 1.0 6.28964
 1.0 18.87259
 1.0 19.81467
 1.0 19.75172
 1.0 21.17166
 1.0 21.69755
 1.0 23.13222
 1.0 23.74555
 1.0 22.9984
 1.0 23.08087
 1.0 22.45014
 1.0 20.96886
 1.0 20.42505
 1.0 18.94925
 1.0 18.17707
 1.0 16.68844
 1.0 16.19243
 1.0 14.71395
 1.0 14.36656
 1.0 12.91938
 1.0 12.01825
 1.0 10.54313
 1.0 9.74128
 1.0 10.24914
 1.0 10.06287
 1.0 8.61259
 1.0 8.00325
 1.0 8.96198
 1.0 10.36322
 1.0 10.54417
 1.0 9.74099
 1.0 10.24095
 1.0 10.04814
 1.0 10.82416
 1.0 10.92966
 1.0 11.65072
 1.0 10.93276
 1.0 11.91697
 1.0 12.26827
 1.0 13.38679
 1.0 14.57636
 1.0 15.7281
 1.0 15.40633
 1.0 14.28526
 1.0 13.00787
 1.0 13.38968
 1.0 14.58054
 1.0 14.28427
 1.0 13.24387
 1.0 13.84708
 1.0 13.01186
 1.0 12.92123
 1.0 12.27729
 1.0 13.1634
 1.0 13.25217
 1.0 14.29581
 1.0 13.94078
 1.0 12.69069
 1.0 13.02541
 1.0 11.94055
 1.0 10.6705
 1.0 10.26167
 1.0 10.07284
 1.0 9.95548
 1.0 8.75191
 1.0 8.96952
 1.0 10.37108
 1.0 10.8454
 1.0 10.95349
 1.0 9.63644
 1.0 8.75099
 1.0 7.46116
 1.0 7.86962
 1.0 9.10145
 1.0 9.63586
 1.0 10.06875
 1.0 8.96982
 1.0 7.46596
 1.0 8.39476
 1.0 9.64331
 1.0 9.44273
 1.0 8.62653
 1.0 7.20501
 1.0 7.4682
 1.0 8.39874
 1.0 6.76344
 1.0 4.57403
 1.0 19.80736
 1.0 20.81911
 1.0 20.72199
 1.0 22.1143
 1.0 22.58327
 1.0 23.99693
 1.0 24.5565
 1.0 23.73689
 1.0 23.78447
 1.0 23.0722
 1.0 21.59822
 1.0 20.95985
 1.0 19.48536
 1.0 18.77763
 1.0 17.29655
 1.0 16.67945
 1.0 15.1981
 1.0 14.70451
 1.0 13.2366
 1.0 12.42272
 1.0 10.93234
 1.0 10.23911
 1.0 10.93841
 1.0 10.83531
 1.0 9.42294
 1.0 8.60291
 1.0 9.41735
 1.0 10.83045
 1.0 10.93359
 1.0 10.2391
 1.0 10.64382
 1.0 10.23336
 1.0 10.92614
 1.0 10.8175
 1.0 11.4768
 1.0 10.81884
 1.0 11.74535
 1.0 11.90766
 1.0 12.99635
 1.0 14.27243
 1.0 15.39552
 1.0 15.11781
 1.0 13.91866
 1.0 12.6668
 1.0 12.99933
 1.0 14.27669
 1.0 14.13964
 1.0 13.14787
 1.0 13.69905
 1.0 12.91542
 1.0 13.00442
 1.0 12.42844
 1.0 13.24632
 1.0 13.15875
 1.0 14.15481
 1.0 13.8532
 1.0 12.53319
 1.0 12.68981
 1.0 11.50687
 1.0 10.25843
 1.0 10.06653
 1.0 9.95324
 1.0 10.06845
 1.0 8.96673
 1.0 9.42952
 1.0 10.84231
 1.0 11.50115
 1.0 11.67067
 2.0 10.37053
 1.0 9.63414
 1.0 8.38851
 1.0 7.46078
 1.0 8.39213
 1.0 9.63729
 1.0 10.84639
 1.0 9.75564
 1.0 8.9729
 1.0 8.01551
 1.0 8.97475
 1.0 10.07588
 1.0 9.6456
 1.0 8.7595
 1.0 8.97847
 1.0 8.39972
 1.0 7.47153
 1.0 6.28697
