
 103.0 1.526
 1.0 1.76286
 1.0 2.92254
 101.0 2.49139
 1.0 3.05109
 75.0 2.92064
 14.0 3.52257
 2.0 3.93977
 6.0 4.57649
 1.0 4.5771
 3.0 5.57043
 9.0 4.57588
 39.0 4.31457
 26.0 3.83962
 1.0 3.93837
 3.0 5.20963
 8.0 4.31265
 5.0 4.57527
 1.0 3.84038
 1.0 4.98169
 2.0 3.83675
 1.0 3.9391
 1.0 5.20911
 2.0 4.31137
 2.0 5.20803
 1.0 5.56943
 1.0 2.91878
 1.0 4.31138
 2.0 3.83385
 1.0 4.97832
 1.0 1.76134
 1.0 2.91783
 1.0 2.48471
 2.0 1.5315
 2.0 2.49254
 2.0 1.52238
 1.0 2.48694
 2.0 2.91876
 2.0 2.48919
 1.0 2.9178
 5.0 3.521
 10.0 2.9197
 31.0 2.48916
 1.0 1.77077
 1.0 0.00864
 1.0 1.51874
 2.0 2.48809
 1.0 2.91973
 2.0 3.51943
 1.0 4.57467
 7.0 4.31393
 14.0 3.83745
 1.0 2.92924
 1.0 2.49702
 1.0 1.52788
 1.0 3.83823
 1.0 4.31461
 2.0 4.57408
 1.0 5.56894
 3.0 5.20962
 14.0 4.31264
 13.0 4.57526
 1.0 3.94685
 1.0 3.84546
 1.0 2.4959
 1.0 2.92165
 1.0 4.31591
 1.0 4.57712
 2.0 4.31266
 2.0 5.20856
 2.0 4.98056
 2.0 3.83601
 9.0 4.31263
 9.0 4.57587
 15.0 3.52256
 1.0 4.585
 1.0 4.32232
 1.0 2.92827
 1.0 2.49479
 1.0 3.84184
 1.0 4.31653
 1.0 3.83748
 5.0 5.2096
 3.0 5.57041
 3.0 4.57648
 1.0 3.94541
 1.0 3.8447
 1.0 2.49697
 1.0 1.52967
 1.0 2.49366
 1.0 2.92257
 2.0 2.48918
 3.0 3.83746
 9.0 4.31392
 4.0 3.83744
 4.0 4.98165
 2.0 5.21014
 19.0 2.91968
 1.0 2.9273
 1.0 2.49586
 1.0 1.52962
 1.0 0.005
 1.0 1.52787
 1.0 2.49364
 4.0 2.92065
 1.0 4.31521
 1.0 4.57708
 4.0 4.31391
 1.0 5.21013
 10.0 2.49026
 7.0 1.52235
 1.0 3.05289
 3.0 2.92157
 1.0 2.49135
 1.0 1.52414
 1.0 0.00317
 1.0 1.52782
 7.0 2.49138
 1.0 3.84034
 5.0 4.31584
 3.0 4.57646
 1.0 5.57039
 3.0 4.31262
 4.0 2.48804
 8.0 3.52098
 1.0 2.91871
 1.0 2.48913
 2.0 1.52418
 1.0 0.00226
 1.0 1.52598
 2.0 2.49249
 2.0 3.52254
 1.0 4.57585
 2.0 3.83599
 3.0 2.48803
 7.0 2.91779
 4.0 2.4914
 5.0 1.52602
 1.0 4.0e-5
 2.0 2.92062
 3.0 4.31455
 3.0 3.51942
 5.0 4.57406
 1.0 3.84255
 1.0 4.31589
 1.0 2.92162
 1.0 2.4903
 2.0 2.92163
 2.0 1.52603
 3.0 2.49252
 2.0 2.92256
 2.0 2.48806
 2.0 2.91685
 1.0 3.05388
 1.0 3.83895
 1.0 2.4892
 1.0 3.52261
 2.0 2.49141
 7.0 2.48917
 1.0 3.8404
 1.0 4.9817
 2.0 3.83676
 1.0 4.5759
 1.0 3.5226
 2.0 2.92066
 1.0 3.0e-5
 4.0 1.52599
 1.0 3.93767
 3.0 4.31135
 2.0 4.57345
 3.0 2.91875
 2.0 1.52419
 1.0 0.00223
 1.0 1.52597
 1.0 2.49248
 2.0 2.92158
 3.0 2.91874
 3.0 5.20854
 2.0 4.97942
 4.0 5.208
 2.0 4.31198
 1.0 5.56843
 2.0 4.57344
 2.0 4.31134
 1.0 3.83673
 1.0 0.00387
 1.0 1.52781
 1.0 2.49137
 2.0 3.84033
 4.0 4.3152
 4.0 3.51941
 1.0 4.57223
 2.0 5.56642
 2.0 5.20588
 1.0 4.9772
 1.0 3.83383
 1.0 3.93836
 6.0 4.57405
 3.0 2.91683
 1.0 0.00448
 1.0 1.52965
 1.0 2.49362
 2.0 4.57525
 2.0 2.91588
 1.0 3.51626
 1.0 4.57041
 1.0 4.30878
 1.0 3.83311
 3.0 2.4847
 1.0 2.48915
 2.0 0.00446
 3.0 1.52236
 1.0 5.21068
 3.0 5.56841
 2.0 4.57404
 7.0 3.5194
 1.0 2.4925
 1.0 2.49474
 1.0 3.84179
 3.0 4.31456
 2.0 5.77564
 1.0 6.10125
 1.0 5.77228
 2.0 4.31006
 1.0 4.56919
 1.0 5.56344
 1.0 5.20376
 1.0 4.30685
 1.0 2.91304
 1.0 3.51783
 3.0 2.91872
 4.0 2.48805
 1.0 6.35172
 4.0 6.76388
 3.0 5.56842
 1.0 3.84035
 1.0 2.9235
 2.0 4.3165
 3.0 6.10126
 4.0 6.76387
 1.0 6.58738
 2.0 5.20535
 1.0 5.56293
 1.0 6.28214
 1.0 5.56195
 1.0 4.56677
 1.0 3.51468
 3.0 4.57161
 1.0 4.31326
 4.0 2.91778
 2.0 7.47082
 1.0 6.28656
 2.0 5.56692
 2.0 4.31328
 2.0 2.91873
 5.0 2.49028
 1.0 3.8389
 2.0 5.77421
 4.0 6.58906
 2.0 6.76141
 1.0 5.56443
 2.0 6.28258
 1.0 7.03883
 1.0 6.2817
 1.0 5.56144
 1.0 4.56858
 1.0 5.56542
 1.0 7.26042
 3.0 8.02038
 1.0 7.04197
 1.0 6.28521
 2.0 5.56641
 2.0 4.57343
 1.0 5.20959
 3.0 6.59115
 1.0 7.20849
 1.0 7.47043
 2.0 6.28434
 1.0 7.03882
 1.0 8.01727
 1.0 7.46599
 1.0 6.75648
 1.0 5.56193
 1.0 4.57464
 2.0 4.57283
 2.0 5.20961
 2.0 8.97756
 1.0 8.01934
 1.0 7.46857
 1.0 6.76057
 1.0 5.56591
 1.0 4.57221
 2.0 3.51939
 2.0 5.5689
 1.0 6.76508
 1.0 7.47229
 1.0 8.02106
 3.0 7.04039
 1.0 8.01726
 1.0 8.97571
 1.0 8.39479
 1.0 7.86964
 1.0 6.7573
 1.0 7.46821
 1.0 6.76099
 4.0 5.56741
 1.0 4.57222
 2.0 5.56691
 3.0 6.28787
 3.0 5.56891
 1.0 4.57465
 1.0 7.25698
 1.0 8.39545
 1.0 7.46672
 1.0 7.20271
 2.0 6.58441
 1.0 5.20373
 1.0 4.30875
 2.0 2.91491
 1.0 4.57402
 1.0 5.56939
 2.0 6.28742
 2.0 7.04196
 1.0 6.28301
 1.0 7.46598
 1.0 8.39511
 1.0 7.87033
 1.0 7.6196
 1.0 6.58273
 1.0 7.2031
 1.0 6.58526
 2.0 5.20533
 1.0 4.30876
 1.0 5.2064
 1.0 6.283
 1.0 7.46597
 1.0 6.75769
 2.0 6.58313
 1.0 5.76697
 1.0 4.30617
 1.0 3.83236
 1.0 2.48578
 1.0 2.91965
 1.0 4.31452
 1.0 5.21223
 1.0 5.56988
 1.0 6.28696
 1.0 5.5644
 1.0 6.75811
 1.0 7.87174
 1.0 7.62141
 1.0 7.46634
 1.0 6.28168
 1.0 5.76842
 1.0 4.30811
 1.0 3.83237
 1.0 4.9783
 1.0 5.20853
 2.0 2.91967
 3.0 2.48914
 3.0 3.83672
 1.0 5.8327
 1.0 7.19962
 1.0 6.58144
 1.0 6.75604
 1.0 6.09214
 1.0 4.56614
 1.0 4.30746
 1.0 2.48689
 1.0 3.83812
 1.0 4.3158
 1.0 4.57461
 1.0 5.56638
 1.0 5.20372
 1.0 6.58356
 1.0 7.6214
 1.0 7.46743
 1.0 7.62104
 2.0 6.7581
 1.0 6.09396
 1.0 4.56796
 1.0 4.30747
 1.0 5.20639
 1.0 4.9794
 1.0 3.83815
 2.0 2.48802
 1.0 4.31133
 1.0 5.56941
 1.0 5.19998
 1.0 6.58018
 1.0 6.27988
 1.0 6.58102
 1.0 5.76408
 1.0 4.3036
 1.0 4.56978
 1.0 2.9206
 1.0 4.31644
 2.0 4.58066
 1.0 4.31579
 1.0 5.20849
 1.0 4.97716
 1.0 6.28343
 1.0 7.46855
 1.0 7.62321
 2.0 7.87243
 1.0 6.58398
 1.0 5.7665
 1.0 4.30554
 1.0 4.56979
 2.0 5.5669
 1.0 5.20905
 1.0 4.31647
 1.0 6.28876
 3.0 5.56991
 12.0 5.21015
 6.0 4.98278
 1.0 5.27171
 1.0 6.75275
 1.0 6.57974
 1.0 7.19883
 1.0 6.57935
 1.0 5.19946
 1.0 5.56391
 3.0 3.52096
 1.0 4.57763
 1.0 4.31835
 1.0 3.83883
 1.0 4.97937
 1.0 5.20531
 1.0 6.58481
 1.0 7.62284
 1.0 7.87382
 1.0 8.39739
 1.0 7.46707
 1.0 7.20231
 1.0 6.58188
 1.0 5.20107
 1.0 5.56392
 1.0 6.28653
 1.0 5.56838
 1.0 4.57766
 3.0 3.52255
 2.0 4.57586
 1.0 6.76222
 2.0 7.4723
 2.0 6.76469
 9.0 6.59075
 2.0 6.29053
 2.0 4.5625
 1.0 6.0885
 1.0 5.76262
 1.0 6.57933
 1.0 6.27771
 1.0 4.9705
 2.0 5.2032
 1.0 3.52251
 1.0 2.92342
 1.0 2.48798
 1.0 3.83378
 2.0 4.30745
 1.0 5.76792
 1.0 6.58479
 1.0 6.76011
 1.0 7.46816
 1.0 6.75808
 1.0 6.5827
 1.0 6.27991
 1.0 4.97161
 2.0 5.5659
 1.0 4.5728
 1.0 3.52253
 1.0 6.58652
 1.0 7.20657
 1.0 3.0365
 1.0 4.30164
 1.0 5.19838
 1.0 4.96938
 1.0 3.82732
 2.0 4.30812
 2.0 3.83674
 1.0 2.92439
 1.0 2.49913
 1.0 1.52959
 1.0 2.48799
 1.0 2.9149
 1.0 5.20529
 1.0 5.56686
 1.0 6.28561
 1.0 5.56388
 1.0 5.20211
 1.0 4.9716
 1.0 3.82803
 1.0 4.57281
 1.0 3.52095
 1.0 2.92442
 1.0 2.49251
 1.0 3.83817
 1.0 4.30939
 1.0 5.77034
 1.0 6.58778
 1.0 2.91303
 1.0 4.30555
 1.0 3.83018
 1.0 4.30487
 1.0 3.82731
 1.0 2.47911
 2.0 2.91492
 2.0 1.53145
 1.0 2.49802
 1.0 2.93104
 1.0 2.49804
 2.0 2.92251
 1.0 3.83381
 1.0 4.97939
 1.0 5.20903
 1.0 5.56738
 1.0 4.57098
 1.0 4.3081
 1.0 3.82947
 1.0 2.48022
 2.0 2.49805
 1.0 1.53146
 1.0 2.91682
 1.0 4.31004
 2.0 5.20799
 1.0 4.98053
 1.0 3.93337
 1.0 5.20425
 1.0 4.97715
 1.0 5.20477
 1.0 4.30682
 1.0 2.91396
 1.0 2.92347
 1.0 2.49803
 1.0 3.84607
 1.0 4.32351
 1.0 3.84535
 1.0 4.31773
 1.0 3.83958
 1.0 4.98052
 1.0 6.28961
 2.0 6.59155
 2.0 6.76466
 2.0 5.56789
 1.0 4.3094
 1.0 4.57767
 2.0 4.3184
 1.0 3.8461
 2.0 2.92537
 1.0 3.52412
 2.0 5.5719
 1.0 5.21226
 1.0 4.98277
 1.0 5.2112
 4.0 2.92063
 1.0 3.83304
 1.0 4.97492
 1.0 5.20528
 1.0 5.56438
 1.0 4.56855
 1.0 3.51781
 1.0 4.57584
 1.0 3.84609
 1.0 4.9894
 1.0 5.21967
 1.0 4.32222
 1.0 4.31709
 1.0 5.21011
 1.0 7.21077
 1.0 7.47375
 1.0 6.28829
 1.0 5.56839
 1.0 5.57189
 1.0 5.21438
 2.0 4.98943
 1.0 3.84611
 2.0 4.3197
 1.0 4.57828
 1.0 5.57089
 3.0 6.76714
 1.0 6.59326
 2.0 6.2914
 1.0 6.59285
 1.0 5.77709
 1.0 3.83961
 1.0 5.28062
 1.0 6.28517
 1.0 6.58816
 1.0 6.76218
 1.0 5.56589
 1.0 4.57462
 1.0 5.57187
 1.0 5.21544
 1.0 4.98941
 1.0 6.29709
 1.0 6.59952
 1.0 5.78231
 1.0 6.10666
 2.0 5.77897
 1.0 6.5924
 1.0 8.02623
 1.0 8.63231
 1.0 8.76521
 1.0 7.47377
 1.0 6.76591
 3.0 4.57647
 1.0 6.76837
 1.0 6.59578
 1.0 6.29712
 1.0 5.21705
 1.0 5.57488
 1.0 6.2936
 1.0 7.47824
 1.0 7.21389
 1.0 6.59495
 1.0 6.76879
 2.0 6.10489
 1.0 4.57889
 1.0 5.7751
 1.0 6.58985
 1.0 6.76546
 1.0 6.59071
 1.0 5.20904
 1.0 4.31581
 1.0 5.21384
 1.0 4.98831
 1.0 5.21862
 1.0 6.5987
 1.0 7.21807
 1.0 6.59827
 1.0 6.7708
 2.0 6.10669
 1.0 6.76796
 1.0 8.26566
 1.0 8.76712
 3.0 8.63234
 1.0 7.21081
 2.0 6.59369
 1.0 5.21174
 1.0 4.31778
 2.0 5.21387
 2.0 6.59538
 1.0 6.77124
 1.0 6.59873
 1.0 5.21811
 1.0 4.98944
 1.0 5.21706
 1.0 5.57589
 1.0 6.77126
 1.0 6.59622
 1.0 5.77949
 1.0 5.77757
 5.0 5.56942
 1.0 5.84074
 1.0 6.76341
 1.0 6.59027
 1.0 6.28916
 1.0 4.98051
 1.0 3.83885
 1.0 4.3171
 1.0 3.84392
 1.0 4.32095
 1.0 5.78137
 1.0 6.59743
 1.0 6.29444
 1.0 6.59407
 1.0 5.77754
 1.0 6.59157
 1.0 8.02555
 1.0 8.26398
 1.0 8.02522
 2.0 6.59116
 3.0 4.98276
 1.0 3.84105
 1.0 4.31713
 1.0 5.77901
 1.0 6.1067
 1.0 5.7814
 1.0 4.32033
 1.0 3.84538
 1.0 4.32098
 1.0 4.58254
 1.0 5.57689
 1.0 5.216
 1.0 4.31906
 1.0 4.5789
 2.0 2.91684
 3.0 4.31071
 3.0 5.20801
 7.0 4.98055
 1.0 6.76669
 1.0 7.47486
 1.0 7.21154
 1.0 6.59324
 1.0 5.21224
 1.0 4.31774
 1.0 4.58069
 1.0 4.32032
 1.0 5.21703
 2.0 6.59702
 1.0 7.63413
 1.0 7.47857
 1.0 7.63159
 1.0 6.59409
 1.0 7.21119
 3.0 8.76618
 1.0 8.26434
 2.0 6.76675
 1.0 6.59454
 1.0 4.58072
 3.0 6.10672
 1.0 6.77084
 2.0 6.59705
 1.0 5.21599
 1.0 4.32099
 1.0 4.58436
 1.0 4.32293
 1.0 5.21867
 1.0 4.98834
 1.0 3.84324
 1.0 4.31585
 1.0 3.52099
 2.0 5.77181
 7.0 6.58865
 5.0 6.28832
 1.0 8.07356
 2.0 8.76519
 1.0 8.6323
 1.0 8.02727
 1.0 6.59366
 1.0 5.7809
 1.0 8.03003
 1.0 8.98834
 1.0 8.76836
 1.0 8.98618
 1.0 8.02762
 1.0 10.08418
 1.0 10.27468
 1.0 9.77102
 1.0 8.26468
 1.0 8.02869
 1.0 5.78093
 1.0 7.63272
 1.0 8.26802
 1.0 8.03006
 1.0 6.5962
 1.0 5.78189
 1.0 6.11035
 1.0 5.78479
 1.0 6.60044
 1.0 6.29715
 1.0 4.98835
 1.0 5.21333
 1.0 5.5714
 2.0 5.20695
 3.0 6.58696
 4.0 7.62508
 3.0 7.47194
 1.0 8.02447
 1.0 8.63036
 1.0 8.2643
 1.0 6.76671
 1.0 6.10486
 1.0 6.76917
 1.0 6.59619
 1.0 7.21538
 1.0 8.63552
 1.0 9.45152
 1.0 8.98709
 1.0 9.11483
 1.0 8.26599
 1.0 10.27467
 1.0 10.68198
 1.0 10.27415
 1.0 8.76556
 1.0 8.26636
 1.0 6.7688
 1.0 6.76921
 1.0 8.26669
 1.0 8.76872
 1.0 8.63555
 1.0 7.21464
 1.0 6.77248
 1.0 6.59875
 1.0 7.63564
 1.0 7.47973
 1.0 6.29494
 1.0 6.76632
 2.0 6.76059
 2.0 7.87458
 1.0 7.25959
 1.0 8.02102
 1.0 8.26025
 1.0 8.02242
 1.0 6.58861
 1.0 5.77465
 1.0 6.59198
 1.0 6.29269
 1.0 6.5949
 1.0 8.02794
 1.0 8.63421
 1.0 8.02724
 1.0 8.26429
 1.0 7.62904
 1.0 8.26264
 1.0 9.769
 1.0 10.27223
 1.0 10.08115
 1.0 8.62913
 1.0 8.02523
 1.0 6.59117
 1.0 5.77661
 1.0 6.59201
 1.0 8.02592
 1.0 8.265
 1.0 8.02797
 1.0 6.59451
 1.0 6.29404
 1.0 6.59537
 1.0 6.77003
 1.0 7.88304
 1.0 7.63162
 1.0 6.59453
 1.0 5.56442
 1.0 8.01928
 1.0 8.97783
 1.0 9.10751
 1.0 8.9797
 1.0 7.62468
 1.0 6.58902
 1.0 7.20963
 1.0 6.59281
 1.0 6.76792
 1.0 8.26529
 1.0 8.76707
 1.0 8.26427
 1.0 8.76455
 1.0 8.26262
 1.0 9.11028
 1.0 10.56925
 1.0 10.96536
 1.0 10.85842
 1.0 9.44393
 1.0 8.98251
 1.0 7.62726
 2.0 7.20966
 1.0 8.63105
 1.0 8.76554
 1.0 8.26532
 1.0 6.76795
 1.0 6.59494
 1.0 7.2135
 1.0 7.47862
 1.0 8.40768
 1.0 7.88233
 1.0 6.77002
 1.0 6.5941
 1.0 6.29095
 2.0 6.76224
 1.0 6.09946
 1.0 4.57346
 2.0 4.3133
 2.0 2.91971
 3.0 2.49029
 1.0 7.66977
 1.0 8.75569
 1.0 8.97535
 1.0 9.10508
 1.0 7.87173
 1.0 6.76015
 1.0 7.47116
 1.0 6.59111
 1.0 8.02482
 1.0 8.26359
 1.0 7.62719
 1.0 8.26092
 1.0 8.02208
 2.0 8.9794
 1.0 10.38175
 2.0 10.85635
 1.0 10.96284
 1.0 9.64478
 1.0 9.10847
 1.0 6.76223
 1.0 7.47119
 1.0 8.76238
 2.0 8.62911
 1.0 8.02485
 1.0 6.59156
 1.0 7.47489
 1.0 8.02661
 1.0 8.98529
 1.0 8.40437
 1.0 7.47675
 1.0 7.21157
 1.0 5.21067
 2.0 3.83528
 1.0 4.30813
 1.0 5.76989
 1.0 6.09764
 1.0 5.77183
 1.0 4.31072
 1.0 8.01478
 1.0 8.97319
 1.0 9.43771
 1.0 9.64187
 1.0 8.3951
 1.0 7.46818
 1.0 8.39939
 1.0 7.87736
 1.0 7.62793
 1.0 8.98276
 1.0 9.11205
 1.0 8.26191
 1.0 8.76201
 2.0 8.6278
 1.0 9.44245
 1.0 11.51509
 2.0 11.68206
 1.0 10.38043
 1.0 9.64564
 3.0 8.3981
 1.0 7.47007
 1.0 8.39942
 1.0 9.64679
 2.0 9.44421
 1.0 8.98279
 1.0 7.62832
 1.0 7.8795
 1.0 8.40271
 1.0 8.98374
 1.0 10.08335
 2.0 9.65024
 1.0 8.63169
 1.0 8.02417
 1.0 6.59074
 1.0 6.28698
 1.0 4.97831
 1.0 5.20375
 1.0 6.58485
 1.0 6.75978
 1.0 6.58655
 1.0 5.20589
 1.0 4.31073
 1.0 8.05979
 1.0 9.09867
 1.0 9.63782
 1.0 10.07175
 1.0 8.97291
 1.0 8.01655
 1.0 8.97754
 1.0 8.39972
 1.0 7.87594
 1.0 9.10932
 1.0 8.9812
 1.0 8.02134
 1.0 8.62585
 1.0 8.7595
 1.0 9.64361
 2.0 10.96079
 1.0 11.68013
 1.0 12.03977
 2.0 10.8533
 1.0 10.07591
 2.0 8.97602
 1.0 8.01831
 1.0 10.07729
 1.0 9.64505
 1.0 9.10935
 1.0 7.87666
 1.0 8.40204
 2.0 8.98064
 1.0 9.76788
 2.0 10.85944
 1.0 10.38443
 1.0 9.64995
 1.0 9.44657
 1.0 7.20888
 1.0 6.58779
 1.0 5.20694
 1.0 4.97497
 1.0 6.58445
 1.0 6.7602
 1.0 5.56544
 1.0 4.57226
 2.0 4.57528
 6.0 5.56793
 2.0 6.76429
 4.0 5.77566
 1.0 9.09774
 1.0 10.25923
 1.0 10.66789
 1.0 11.13182
 1.0 10.07177
 1.0 8.97414
 1.0 9.76331
 1.0 8.97909
 1.0 8.39904
 1.0 9.64616
 1.0 9.44327
 1.0 8.62584
 1.0 9.44064
 1.0 9.6436
 1.0 10.67365
 2.0 11.9422
 1.0 12.54382
 1.0 12.9396
 1.0 11.77801
 1.0 11.13583
 1.0 10.07482
 1.0 9.76334
 1.0 10.85509
 2.0 10.38041
 1.0 9.64619
 1.0 8.40005
 2.0 8.98188
 1.0 9.76674
 1.0 10.56927
 1.0 11.5185
 1.0 10.08308
 1.0 8.76333
 1.0 7.47379
 1.0 6.76264
 1.0 5.20429
 1.0 6.58444
 2.0 7.20391
 2.0 7.46936
 1.0 6.2857
 1.0 5.56746
 1.0 5.56944
 2.0 6.28745
 5.0 7.47232
 1.0 7.20851
 1.0 10.4093
 1.0 11.50616
 1.0 11.93753
 1.0 12.29122
 1.0 11.13283
 1.0 10.07397
 1.0 10.85508
 2.0 10.07893
 1.0 9.64646
 1.0 10.96431
 1.0 10.85784
 1.0 10.07778
 1.0 10.85504
 1.0 10.96155
 1.0 11.94291
 1.0 13.26574
 1.0 13.86602
 1.0 14.17048
 1.0 12.93961
 1.0 12.29508
 1.0 11.13585
 1.0 10.07592
 1.0 10.8551
 1.0 12.04163
 1.0 10.96434
 2.0 9.64735
 1.0 10.0817
 1.0 10.85867
 1.0 11.51898
 1.0 12.4585
 1.0 11.78603
 1.0 10.86252
 1.0 10.38738
 1.0 9.64938
 1.0 8.40306
 1.0 7.87599
 1.0 6.76307
 1.0 6.58529
 1.0 8.01833
 2.0 8.62465
 1.0 8.75957
 2.0 6.76185
 2.0 5.56695
 1.0 6.2879
 2.0 7.04357
 1.0 8.02283
 1.0 10.37261
 1.0 11.40524
 1.0 11.77467
 1.0 11.93964
 1.0 10.67078
 1.0 9.64159
 1.0 9.64648
 1.0 9.4436
 1.0 10.85786
 2.0 10.96481
 1.0 10.26867
 1.0 10.96178
 1.0 10.85481
 1.0 11.77919
 2.0 13.17768
 1.0 13.72546
 1.0 13.86604
 1.0 12.54386
 1.0 11.94316
 1.0 10.67367
 1.0 9.64364
 1.0 10.38044
 1.0 11.68208
 1.0 11.51511
 1.0 10.85789
 1.0 9.64909
 1.0 10.38417
 1.0 10.86048
 1.0 11.78675
 1.0 11.14332
 1.0 10.08447
 1.0 9.6514
 1.0 9.11152
 1.0 7.87811
 1.0 6.58739
 1.0 6.75855
 1.0 8.25596
 1.0 8.75766
 2.0 6.58614
 1.0 5.20537
 1.0 5.56645
 1.0 6.28613
 1.0 10.10841
 1.0 11.23493
 1.0 11.40744
 1.0 11.51051
 1.0 10.26412
 1.0 9.10418
 1.0 9.64476
 1.0 8.76141
 1.0 10.07973
 1.0 10.27057
 1.0 9.76526
 1.0 10.56555
 1.0 10.37987
 1.0 11.41136
 1.0 12.78951
 1.0 13.26576
 1.0 11.94223
 1.0 11.51368
 1.0 10.26685
 1.0 9.10634
 2.0 9.64479
 1.0 10.9631
 1.0 10.85662
 1.0 10.07976
 1.0 8.62847
 1.0 8.76428
 1.0 9.64881
 1.0 10.08309
 1.0 10.86227
 1.0 10.08364
 1.0 8.98623
 2.0 8.40537
 1.0 7.87881
 1.0 6.76593
 1.0 5.77231
 1.0 6.09583
 1.0 7.62183
 1.0 8.25731
 1.0 8.01972
 1.0 6.28614
 1.0 4.97835
 1.0 5.2075
 1.0 6.28746
 1.0 5.20855
 1.0 11.23492
 1.0 12.44686
 1.0 12.54138
 1.0 12.69683
 1.0 11.51149
 1.0 10.26601
 1.0 10.6765
 1.0 9.44419
 1.0 10.85889
 1.0 10.96557
 1.0 10.56711
 1.0 11.51484
 1.0 11.41281
 1.0 12.5454
 2.0 13.86703
 1.0 14.17126
 1.0 14.30765
 1.0 13.03035
 1.0 12.69991
 1.0 11.51417
 1.0 10.2682
 1.0 10.67653
 1.0 11.94641
 2.0 11.78296
 1.0 10.85892
 1.0 9.44509
 1.0 9.65053
 1.0 10.68068
 1.0 11.14482
 1.0 11.78911
 1.0 10.86354
 1.0 9.77443
 1.0 8.98777
 1.0 7.47677
 1.0 7.20967
 1.0 6.59077
 1.0 8.25899
 1.0 9.1082
 1.0 8.98007
 1.0 7.6251
 2.0 7.47196
 1.0 6.28791
 2.0 6.58951
 1.0 6.76348
 1.0 6.76347
 2.0 6.58949
 4.0 3.83818
 1.0 11.27028
 1.0 12.54095
 1.0 12.4491
 1.0 12.54406
 1.0 11.41087
 2.0 10.0759
 1.0 10.26953
 2.0 9.10967
 1.0 8.98093
 1.0 10.38413
 1.0 10.56921
 1.0 10.38198
 1.0 11.41352
 1.0 11.24162
 1.0 12.45247
 1.0 13.72668
 1.0 13.95095
 1.0 12.69904
 1.0 12.54673
 1.0 11.41333
 1.0 10.07813
 1.0 10.26955
 1.0 11.51705
 1.0 11.4155
 1.0 10.38416
 2.0 9.11304
 1.0 10.27387
 1.0 10.68329
 1.0 11.14681
 1.0 10.08612
 1.0 8.98901
 1.0 8.03042
 1.0 7.47751
 1.0 6.76922
 3.0 6.59203
 1.0 6.29056
 1.0 6.58868
 1.0 8.0218
 1.0 8.98069
 1.0 8.76242
 1.0 7.62729
 3.0 6.59035
 2.0 6.76471
 1.0 6.58993
 1.0 7.20852
 2.0 6.76428
 1.0 10.07147
 1.0 11.40769
 1.0 11.23765
 1.0 11.41086
 1.0 10.37881
 1.0 8.97692
 1.0 9.10875
 1.0 7.87667
 1.0 7.62612
 1.0 8.98185
 1.0 9.11024
 1.0 8.97937
 1.0 10.07781
 1.0 9.96106
 1.0 11.24113
 1.0 12.45245
 1.0 12.54538
 1.0 12.69946
 1.0 11.51391
 1.0 11.41355
 1.0 10.38123
 1.0 8.97911
 1.0 9.10877
 2.0 10.27089
 1.0 10.08003
 1.0 8.98187
 1.0 7.62724
 1.0 7.88021
 1.0 9.65284
 1.0 10.08667
 1.0 8.98746
 1.0 8.03146
 2.0 7.05301
 2.0 6.2945
 1.0 5.57541
 2.0 5.21229
 2.0 4.98392
 1.0 5.20858
 2.0 6.58867
 1.0 7.62657
 1.0 7.47307
 1.0 6.28923
 1.0 6.59162
 1.0 5.77616
 1.0 6.1031
 1.0 5.77567
 3.0 6.5916
 1.0 6.29009
 1.0 6.59159
 1.0 3.83816
 1.0 10.11062
 1.0 11.50978
 1.0 11.40963
 1.0 11.77964
 1.0 10.85456
 1.0 9.44126
 1.0 9.64792
 1.0 8.40269
 1.0 7.87806
 1.0 9.11238
 1.0 8.98337
 1.0 8.76232
 1.0 9.96327
 1.0 10.07892
 1.0 11.41403
 1.0 12.54714
 1.0 12.70075
 1.0 13.03288
 1.0 11.94546
 1.0 11.78272
 1.0 10.85714
 1.0 9.44334
 1.0 9.64794
 1.0 10.67989
 1.0 10.27222
 1.0 9.1124
 1.0 7.87949
 1.0 8.40635
 1.0 9.65196
 1.0 10.38979
 1.0 10.86584
 1.0 9.77499
 1.0 8.99086
 1.0 8.03284
 1.0 7.053
 1.0 6.29759
 2.0 5.5754
 1.0 5.21603
 1.0 6.29055
 1.0 7.47531
 1.0 7.6302
 1.0 6.59329
 1.0 6.76841
 1.0 6.10492
 2.0 6.76839
 2.0 6.59328
 1.0 7.63018
 1.0 7.47527
 1.0 7.62943
 1.0 6.59242
 1.0 5.21173
 2.0 4.31519
 1.0 5.21066
 1.0 10.07228
 1.0 11.40817
 1.0 11.51121
 1.0 11.94288
 1.0 9.64446
 1.0 10.08057
 1.0 8.98341
 1.0 8.40333
 1.0 9.65105
 1.0 9.44797
 1.0 8.98244
 1.0 10.08054
 1.0 10.27059
 1.0 11.5163
 1.0 12.70162
 1.0 13.03329
 1.0 13.41484
 1.0 12.29777
 1.0 11.94639
 1.0 10.9636
 1.0 9.6465
 1.0 10.08059
 1.0 11.1423
 1.0 10.68013
 1.0 9.65108
 1.0 8.40468
 1.0 8.98682
 2.0 10.08444
 1.0 10.86404
 1.0 11.52403
 2.0 10.57557
 1.0 9.77612
 1.0 8.98992
 1.0 8.03041
 1.0 7.62947
 1.0 7.88024
 1.0 6.76717
 1.0 6.59371
 1.0 5.77758
 1.0 7.87951
 1.0 7.62834
 1.0 7.47415
 1.0 6.29051
 1.0 3.8396
 1.0 4.31454
 1.0 3.83888
 1.0 11.271
 1.0 12.54137
 1.0 12.69636
 1.0 13.02946
 1.0 10.67441
 1.0 11.13979
 1.0 10.08112
 1.0 9.64905
 1.0 10.9676
 1.0 10.86142
 1.0 10.38464
 1.0 11.41593
 1.0 11.51653
 1.0 12.7012
 1.0 13.95291
 1.0 14.30955
 2.0 14.60458
 1.0 13.4132
 1.0 13.03289
 1.0 11.94501
 1.0 10.67651
 1.0 11.13982
 1.0 12.29981
 1.0 11.94824
 1.0 10.96763
 1.0 9.65022
 1.0 11.1438
 1.0 11.78815
 1.0 12.46138
 1.0 11.52259
 1.0 9.77413
 2.0 8.98652
 1.0 8.02903
 2.0 7.47639
 1.0 6.59161
 1.0 8.02455
 1.0 8.98315
 1.0 9.11184
 1.0 7.87812
 1.0 7.6291
 1.0 7.47305
 1.0 8.4014
 1.0 7.87598
 2.0 7.62615
 2.0 6.59031
 1.0 4.57706
 1.0 4.31712
 1.0 2.92348
 1.0 11.5095
 1.0 12.69504
 1.0 13.02816
 1.0 13.41068
 1.0 12.29392
 1.0 11.13679
 1.0 11.78293
 1.0 10.85966
 1.0 10.38572
 1.0 11.68771
 1.0 11.52131
 1.0 10.86064
 1.0 11.78479
 1.0 11.94729
 1.0 13.03352
 1.0 14.31052
 1.0 14.81648
 1.0 15.15265
 1.0 13.95213
 1.0 13.41443
 1.0 12.29688
 1.0 11.13881
 1.0 12.94539
 1.0 12.55046
 1.0 11.68774
 1.0 10.38682
 1.0 10.86275
 2.0 11.78672
 1.0 12.45982
 1.0 13.27517
 1.0 12.46071
 1.0 11.52331
 1.0 10.86429
 1.0 10.085
 1.0 8.4047
 1.0 7.21005
 1.0 8.63043
 1.0 9.4463
 1.0 9.6494
 1.0 8.40207
 1.0 7.87882
 1.0 6.7651
 1.0 7.47304
 1.0 8.02315
 2.0 8.98096
 1.0 8.3994
 1.0 7.87526
 1.0 6.76385
 1.0 4.57707
 1.0 4.31518
 1.0 3.84249
 1.0 2.49583
 1.0 10.41247
 1.0 11.50903
 1.0 11.9403
 1.0 12.29322
 1.0 11.1343
 1.0 10.0756
 1.0 10.85659
 1.0 10.08056
 1.0 9.64903
 1.0 10.96733
 1.0 10.86166
 1.0 10.08189
 1.0 10.85886
 1.0 10.96457
 1.0 11.94567
 1.0 13.26885
 1.0 13.869
 1.0 14.17281
 1.0 12.94152
 1.0 12.29709
 2.0 11.13731
 1.0 10.07755
 1.0 10.85661
 1.0 12.04368
 1.0 11.68489
 1.0 10.96736
 1.0 9.64992
 1.0 10.08333
 1.0 10.86018
 1.0 11.51968
 1.0 12.45914
 1.0 10.8625
 1.0 10.38736
 2.0 9.65023
 1.0 8.40403
 2.0 7.87809
 1.0 6.7655
 1.0 8.02246
 1.0 8.62849
 1.0 8.76239
 1.0 7.47156
 1.0 6.28786
 1.0 7.04354
 2.0 8.02176
 1.0 7.47006
 1.0 6.76179
 1.0 4.57403
 1.0 2.92061
 1.0 2.49471
 1.0 0.00669
 1.0 1.52052
 1.0 10.95718
 1.0 11.93913
 1.0 12.54245
 1.0 12.9387
 1.0 11.77726
 1.0 10.85402
 1.0 11.78198
 1.0 11.14127
 1.0 10.68036
 1.0 11.95005
 1.0 11.78783
 1.0 10.86114
 1.0 11.51866
 1.0 11.68486
 1.0 12.54823
 1.0 13.86999
 1.0 14.6055
 1.0 14.94605
 1.0 13.72727
 1.0 12.9428
 1.0 11.78035
 1.0 10.85584
 1.0 11.78201
 1.0 12.94431
 1.0 12.54979
 1.0 11.95008
 1.0 10.68116
 1.0 11.14378
 1.0 11.78529
 1.0 12.4578
 1.0 13.50486
 1.0 12.94732
 1.0 12.04761
 1.0 11.68775
 1.0 10.96738
 1.0 9.11119
 1.0 9.44423
 1.0 9.64737
 1.0 8.40007
 1.0 7.04353
 1.0 8.02141
 1.0 8.39808
 2.0 7.4693
 1.0 6.28697
 2.0 5.5679
 1.0 2.49696
 1.0 2.48692
 4.0 4.312
 4.0 5.77374
 1.0 10.11029
 1.0 10.95643
 1.0 11.67723
 1.0 12.03719
 1.0 10.85095
 1.0 10.07504
 1.0 11.13778
 1.0 10.67803
 1.0 10.27218
 1.0 11.51914
 1.0 11.41906
 1.0 10.38568
 1.0 10.8591
 1.0 11.68297
 1.0 13.03285
 1.0 13.86899
 1.0 14.17241
 1.0 12.94087
 1.0 12.04137
 1.0 10.85405
 1.0 10.07672
 1.0 11.1378
 1.0 12.29753
 1.0 11.94683
 1.0 11.51917
 1.0 10.27274
 1.0 10.68012
 1.0 11.14078
 1.0 11.78388
 3.0 12.94559
 1.0 12.5498
 2.0 11.68585
 1.0 11.51847
 2.0 10.85865
 1.0 9.44479
 3.0 8.98032
 1.0 7.62541
 1.0 7.46968
 1.0 8.76016
 1.0 8.9788
 1.0 9.10755
 2.0 7.87386
 1.0 6.76181
 1.0 6.28564
 1.0 7.46931
 1.0 8.39807
 1.0 7.87314
 1.0 6.76014
 1.0 5.56639
 1.0 5.20746
 1.0 2.49473
 1.0 2.92541
 1.0 2.49142
 2.0 4.31199
 2.0 5.20802
 1.0 6.58907
 1.0 10.95742
 1.0 11.67627
 1.0 12.54221
 1.0 12.93783
 1.0 11.77631
 1.0 11.13578
 1.0 12.29661
 1.0 11.94728
 1.0 11.51915
 1.0 12.70508
 1.0 12.55305
 1.0 11.41881
 1.0 11.78523
 1.0 11.94773
 1.0 12.54822
 1.0 13.86998
 1.0 14.81646
 1.0 15.1519
 1.0 13.95092
 1.0 12.94215
 1.0 11.7794
 1.0 11.1373
 1.0 12.29664
 1.0 13.41421
 1.0 13.03435
 1.0 12.70511
 1.0 11.51965
 1.0 11.94916
 1.0 12.29933
 1.0 12.94451
 1.0 14.17555
 1.0 13.87122
 2.0 13.03522
 1.0 12.29934
 1.0 10.38281
 1.0 8.76046
 1.0 9.96219
 1.0 10.07811
 1.0 10.26872
 1.0 9.10723
 1.0 7.87456
 1.0 6.76097
 1.0 8.75951
 1.0 9.64447
 1.0 9.10601
 1.0 6.76138
 1.0 6.58821
 1.0 5.77516
 1.0 3.84251
 1.0 4.31909
 1.0 3.83965
 1.0 5.77325
 1.0 8.02247
 2.0 8.26132
 1.0 8.0242
 1.0 11.27144
 2.0 12.036
 1.0 12.93802
 1.0 13.49555
 1.0 12.44884
 1.0 11.77914
 1.0 12.94256
 1.0 12.54955
 1.0 11.94936
 1.0 13.0373
 1.0 12.70724
 1.0 11.5208
 1.0 11.94933
 1.0 12.30043
 1.0 12.9447
 1.0 14.17512
 1.0 15.15388
 1.0 15.6317
 1.0 14.52385
 1.0 13.5001
 1.0 12.45199
 1.0 11.78058
 1.0 12.94259
 1.0 13.9535
 1.0 13.41626
 1.0 13.03732
 1.0 11.95007
 1.0 12.55156
 1.0 12.94515
 1.0 13.7303
 1.0 14.94865
 1.0 14.60743
 1.0 13.87222
 1.0 13.73172
 1.0 11.51846
 1.0 10.85864
 1.0 9.44478
 1.0 10.07948
 1.0 10.27007
 1.0 10.67754
 1.0 9.6462
 1.0 8.40006
 1.0 7.47042
 1.0 8.39906
 1.0 9.64533
 1.0 10.67598
 1.0 10.26763
 1.0 9.1063
 1.0 7.87455
 1.0 7.62506
 1.0 5.20906
 1.0 4.31649
 1.0 4.57891
 1.0 6.5878
 1.0 7.20581
 3.0 8.62721
 1.0 8.76175
 2.0 12.9361
 1.0 13.72297
 1.0 14.30429
 1.0 13.26278
 1.0 12.45063
 1.0 13.49948
 1.0 12.9445
 1.0 12.30066
 1.0 13.41831
 1.0 13.03856
 1.0 11.95026
 1.0 12.55084
 1.0 12.94534
 1.0 13.72967
 1.0 14.9475
 1.0 15.82968
 1.0 16.33519
 1.0 15.22746
 1.0 14.30878
 1.0 13.26594
 1.0 12.45222
 1.0 13.49951
 1.0 14.52539
 1.0 13.95469
 1.0 13.41833
 1.0 12.30158
 1.0 12.94687
 1.0 13.50237
 1.0 14.31131
 1.0 15.43389
 1.0 14.94866
 2.0 14.17654
 1.0 13.87223
 1.0 10.96561
 1.0 9.6485
 1.0 10.27088
 1.0 10.67833
 1.0 11.14031
 1.0 8.02105
 1.0 8.97878
 1.0 10.07728
 1.0 10.67364
 1.0 9.64274
 1.0 8.39774
 1.0 6.76345
 1.0 4.57768
 1.0 3.83529
 2.0 4.97608
 1.0 6.28522
 1.0 6.5857
 1.0 8.02004
 1.0 8.2593
 2.0 7.62544
 2.0 6.09944
 1.0 5.77373
 1.0 11.26925
 1.0 12.28914
 1.0 13.49392
 1.0 12.44707
 1.0 11.51049
 1.0 12.45198
 1.0 11.78221
 1.0 11.14076
 1.0 12.30065
 1.0 11.95027
 1.0 10.9668
 1.0 11.68484
 1.0 12.04318
 1.0 12.94257
 1.0 14.17317
 1.0 14.94565
 1.0 15.42991
 1.0 14.30665
 1.0 13.49826
 1.0 12.45022
 1.0 11.5122
 1.0 12.452
 1.0 13.49991
 1.0 12.94386
 1.0 12.30068
 1.0 11.14177
 1.0 11.78482
 1.0 12.45511
 1.0 13.2695
 1.0 14.31132
 1.0 13.73031
 1.0 12.9456
 1.0 12.55003
 1.0 11.6849
 1.0 10.38442
 1.0 9.64763
 1.0 8.40138
 1.0 7.87597
 1.0 9.10938
 1.0 9.64708
 1.0 10.07922
 1.0 8.9791
 1.0 8.01967
 1.0 8.97724
 1.0 9.64188
 1.0 8.75665
 1.0 7.46781
 1.0 6.75974
 1.0 4.5722
 1.0 2.92159
 1.0 3.83092
 1.0 5.20428
 1.0 6.58612
 1.0 10.95517
 1.0 11.93682
 1.0 12.54025
 1.0 12.93613
 1.0 11.77445
 1.0 10.85148
 1.0 11.77963
 1.0 11.13929
 1.0 10.67881
 1.0 11.94867
 1.0 11.7869
 1.0 10.86013
 1.0 11.51722
 1.0 11.68298
 1.0 12.54603
 1.0 13.868
 1.0 14.60361
 1.0 14.94383
 1.0 13.72485
 1.0 12.94024
 1.0 11.77754
 1.0 11.77966
 1.0 12.94217
 1.0 12.54803
 1.0 11.9487
 1.0 10.67961
 1.0 11.14179
 1.0 11.78295
 1.0 12.45513
 1.0 13.5024
 1.0 12.94518
 1.0 12.04531
 1.0 11.68586
 1.0 10.96587
 1.0 9.64851
 1.0 9.10998
 1.0 7.87668
 1.0 8.98035
 1.0 9.44306
 2.0 9.64565
 1.0 7.47008
 1.0 6.28478
 2.0 8.01865
 2.0 8.97632
 1.0 8.39477
 1.0 7.46559
 1.0 6.28344
 1.0 5.56492
 1.0 2.92349
 1.0 2.49698
 1.0 1.52604
 1.0 4.31201
 3.0 6.10127
 1.0 5.77663
 2.0 4.31587
 1.0 3.84108
 1.0 2.49363
 1.0 12.32147
 1.0 13.26068
 1.0 13.86259
 1.0 14.16712
 1.0 12.93615
 1.0 12.03791
 1.0 12.94109
 1.0 12.29822
 1.0 11.94799
 1.0 13.27199
 1.0 13.18564
 1.0 12.30111
 1.0 12.94492
 1.0 13.03308
 1.0 13.86802
 1.0 15.2282
 1.0 15.94966
 1.0 16.21385
 1.0 14.94273
 1.0 14.17107
 1.0 12.93919
 1.0 12.03979
 1.0 12.94112
 1.0 14.17284
 1.0 13.87003
 1.0 13.27202
 1.0 11.94871
 1.0 12.30072
 1.0 12.94454
 1.0 13.502
 1.0 14.52734
 1.0 13.95533
 1.0 12.94626
 1.0 12.55071
 1.0 11.94826
 1.0 10.67938
 1.0 10.27117
 1.0 9.11
 1.0 8.98036
 1.0 10.38285
 1.0 10.85716
 2.0 10.96312
 1.0 8.7605
 1.0 7.46897
 1.0 8.97695
 1.0 9.76248
 1.0 8.97478
 1.0 8.01622
 1.0 6.28523
 1.0 4.31908
 1.0 3.84615
 1.0 2.49588
 1.0 4.31329
 1.0 4.57529
 3.0 6.10128
 1.0 6.76553
 3.0 6.59288
 1.0 5.2123
 1.0 4.31716
 1.0 2.92351
 1.0 13.02558
 1.0 13.86157
 1.0 14.59884
 1.0 14.94047
 1.0 13.72242
 1.0 12.93937
 1.0 13.95152
 1.0 13.41546
 1.0 13.03563
 1.0 14.31322
 1.0 14.17845
 1.0 13.18436
 1.0 13.73067
 1.0 13.87021
 1.0 15.95053
 1.0 16.78006
 1.0 17.07697
 1.0 15.82606
 1.0 14.94459
 1.0 13.72548
 1.0 12.94111
 1.0 13.95155
 1.0 15.1523
 1.0 14.81706
 1.0 14.31325
 1.0 13.03629
 1.0 13.41775
 1.0 13.95472
 1.0 14.52695
 1.0 15.63424
 1.0 15.15542
 1.0 14.17715
 1.0 13.87285
 1.0 13.27161
 1.0 11.9485
 1.0 11.51753
 1.0 10.07895
 2.0 11.41454
 1.0 11.78204
 1.0 11.94526
 1.0 10.67575
 1.0 8.97787
 1.0 10.07703
 1.0 10.85485
 1.0 10.07565
 1.0 6.76552
 1.0 5.21494
 1.0 4.98836
 1.0 3.84253
 1.0 5.77518
 1.0 7.62728
 1.0 8.26267
 1.0 8.02524
 1.0 5.77711
 1.0 4.31586
 1.0 3.84036
 1.0 2.92161
 1.0 14.41096
 1.0 15.22197
 1.0 15.94511
 1.0 16.21075
 1.0 14.94049
 1.0 14.17008
 1.0 15.15138
 1.0 14.6063
 1.0 14.31266
 1.0 15.63491
 1.0 15.56167
 1.0 14.60853
 1.0 15.15463
 1.0 15.2302
 1.0 15.95054
 1.0 17.32636
 1.0 18.1357
 1.0 18.36848
 1.0 17.07586
 1.0 16.21473
 1.0 14.9435
 1.0 14.17187
 1.0 15.15141
 1.0 16.40637
 1.0 16.1455
 1.0 15.63494
 1.0 14.31327
 1.0 14.6086
 1.0 15.15469
 1.0 15.63372
 1.0 16.71423
 1.0 16.21936
 1.0 15.15635
 1.0 14.81972
 1.0 14.3127
 1.0 13.03569
 1.0 12.70298
 1.0 11.5173
 1.0 12.7928
 1.0 13.18067
 1.0 13.26829
 1.0 11.94457
 3.0 9.6448
 1.0 10.07676
 1.0 11.13735
 1.0 11.77992
 3.0 10.85358
 1.0 9.76249
 1.0 8.97881
 1.0 8.39977
 1.0 7.87883
 1.0 6.76634
 1.0 6.59623
 1.0 6.29672
 1.0 4.98725
 1.0 5.21176
 2.0 6.76554
 1.0 8.26268
 1.0 9.11185
 1.0 8.98377
 1.0 7.62873
 1.0 6.59287
 1.0 5.21175
 1.0 4.98391
 1.0 3.83964
 1.0 4.31588
 1.0 3.83892
 1.0 14.38392
 1.0 15.14512
 1.0 15.82287
 1.0 15.94515
 1.0 14.59889
 1.0 13.86563
 1.0 14.81465
 1.0 14.31114
 1.0 15.5601
 1.0 15.63615
 1.0 14.7405
 1.0 15.23074
 1.0 15.15303
 1.0 15.82764
 1.0 17.25824
 1.0 18.02771
 1.0 18.1339
 1.0 16.7773
 1.0 15.94884
 1.0 14.60178
 1.0 13.86747
 1.0 14.81468
 1.0 16.14381
 2.0 16.02461
 1.0 15.56013
 1.0 14.17696
 1.0 14.31329
 1.0 14.81804
 1.0 15.15471
 1.0 16.21938
 1.0 15.75834
 1.0 14.60882
 1.0 14.31369
 1.0 13.95595
 1.0 12.70387
 1.0 12.54919
 1.0 11.41529
 1.0 11.51563
 2.0 12.94308
 1.0 13.26789
 3.0 13.17942
 1.0 11.78041
 1.0 10.85564
 1.0 9.44102
 1.0 9.64337
 2.0 10.67474
 1.0 11.13637
 1.0 10.07513
 1.0 8.97573
 1.0 8.39845
 1.0 7.87602
 1.0 7.62948
 1.0 6.77128
 1.0 6.5992
 1.0 5.21817
 1.0 4.98615
 1.0 6.29321
 1.0 6.59415
 1.0 8.027
 1.0 8.98533
 1.0 9.1146
 1.0 7.88095
 1.0 6.76923
 1.0 5.57342
 1.0 5.21337
 1.0 4.57711
 1.0 5.20909
 1.0 15.84658
 1.0 16.58755
 1.0 17.25372
 1.0 17.32125
 2.0 15.94517
 2.0 15.22586
 1.0 16.14311
 1.0 15.63283
 1.0 15.55975
 1.0 16.96778
 1.0 17.08313
 1.0 16.21947
 1.0 16.71269
 1.0 16.59511
 1.0 17.25826
 1.0 18.70394
 1.0 19.45606
 1.0 19.5147
 1.0 18.133
 1.0 17.32481
 1.0 15.94799
 1.0 15.22771
 1.0 16.14314
 1.0 17.50446
 1.0 17.43924
 1.0 16.96781
 1.0 15.56014
 1.0 15.63498
 1.0 16.14657
 1.0 16.40894
 1.0 17.44165
 1.0 16.96801
 1.0 15.75906
 1.0 15.43557
 1.0 15.15564
 1.0 13.95557
 1.0 13.87088
 1.0 12.79346
 1.0 14.39077
 1.0 14.73626
 1.0 14.60351
 1.0 13.179
 1.0 12.29648
 1.0 10.85514
 1.0 10.96086
 1.0 11.94366
 1.0 12.2949
 1.0 11.13538
 1.0 10.07485
 1.0 9.64539
 1.0 9.10943
 1.0 8.98441
 1.0 8.02664
 1.0 8.26873
 1.0 8.03252
 1.0 6.59878
 1.0 6.29453
 1.0 7.47754
 1.0 7.6313
 1.0 8.98534
 1.0 10.0845
 2.0 10.27553
 1.0 9.11399
 1.0 7.88166
 1.0 6.768
 1.0 6.59373
 1.0 5.77664
 1.0 6.10311
 1.0 5.77471
 3.0 6.58992
 1.0 16.58569
 1.0 17.42915
 1.0 18.02121
 1.0 18.12882
 1.0 16.77281
 1.0 15.94516
 1.0 16.77712
 1.0 16.1431
 1.0 16.02407
 1.0 17.43919
 1.0 17.50724
 1.0 16.71217
 1.0 17.32619
 1.0 17.2576
 1.0 18.02587
 1.0 19.45434
 1.0 20.1398
 1.0 20.23478
 1.0 18.86475
 1.0 18.13238
 1.0 16.77566
 1.0 15.94711
 1.0 16.77715
 1.0 18.13376
 1.0 18.02788
 1.0 17.43923
 1.0 16.14553
 1.0 16.78078
 1.0 17.07897
 1.0 18.03037
 1.0 17.43958
 1.0 16.21819
 1.0 15.75694
 1.0 15.43269
 1.0 14.3106
 1.0 14.17346
 1.0 13.18026
 1.0 13.26726
 2.0 14.73569
 1.0 15.22699
 1.0 15.1496
 1.0 13.72512
 1.0 12.94051
 1.0 11.51226
 1.0 11.6783
 1.0 12.54323
 2.0 12.93794
 1.0 11.7757
 1.0 10.85052
 1.0 10.37885
 1.0 9.64424
 1.0 9.44485
 1.0 8.62979
 1.0 8.76779
 1.0 8.26839
 1.0 6.77046
 1.0 7.62875
 1.0 7.4742
 2.0 8.7637
 1.0 9.96558
 1.0 10.08229
 1.0 8.98285
 1.0 7.62874
 1.0 6.59119
 1.0 6.76472
 1.0 7.20775
 1.0 16.03691
 1.0 16.95337
 1.0 17.42837
 1.0 17.49523
 1.0 16.13416
 1.0 15.22112
 1.0 15.15101
 1.0 16.59376
 1.0 16.71186
 1.0 16.02301
 1.0 16.70871
 1.0 16.5906
 1.0 17.4327
 1.0 18.86488
 1.0 19.45164
 1.0 19.51015
 1.0 18.12841
 1.0 17.49859
 1.0 16.13694
 1.0 15.22316
 1.0 15.9452
 1.0 17.32209
 1.0 17.25634
 1.0 16.59379
 1.0 15.15159
 1.0 15.22843
 1.0 15.94903
 1.0 16.21459
 1.0 17.07801
 1.0 16.40606
 1.0 15.15272
 1.0 14.60522
 1.0 14.30943
 1.0 13.2681
 1.0 12.2958
 2.0 12.45185
 1.0 13.95041
 3.0 14.52166
 1.0 14.38634
 1.0 12.29332
 1.0 10.85156
 1.0 10.95655
 1.0 11.67641
 1.0 12.03476
 1.0 10.84746
 1.0 10.06933
 1.0 9.6402
 1.0 8.75672
 1.0 8.62724
 1.0 8.02214
 1.0 8.26504
 1.0 7.63275
 1.0 6.10676
 1.0 5.77617
 1.0 6.59079
 1.0 6.29013
 1.0 7.4731
 1.0 8.98349
 1.0 8.02493
 1.0 6.59205
 1.0 5.77569
 1.0 6.1013
 1.0 5.77376
 1.0 6.76225
 1.0 7.47121
 3.0 6.76266
 2.0 6.58908
 1.0 16.207
 1.0 17.06886
 1.0 17.49666
 1.0 17.43017
 1.0 16.0151
 1.0 15.14628
 1.0 15.82487
 1.0 15.15124
 1.0 15.2297
 1.0 16.71207
 1.0 16.96714
 1.0 16.33642
 1.0 16.96355
 1.0 16.70843
 1.0 17.50034
 1.0 18.96844
 2.0 19.51258
 1.0 19.45155
 1.0 18.02238
 1.0 17.43323
 1.0 16.01774
 1.0 15.14834
 1.0 15.8249
 1.0 17.25638
 1.0 17.32531
 1.0 16.7121
 2.0 15.23009
 1.0 15.15364
 1.0 15.82875
 1.0 15.95098
 1.0 16.78198
 1.0 16.14592
 1.0 14.81809
 1.0 14.31218
 1.0 14.17545
 1.0 13.18197
 1.0 13.26938
 1.0 12.4541
 1.0 12.79154
 2.0 14.30889
 1.0 14.81378
 2.0 14.52168
 1.0 13.02893
 2.0 12.4512
 1.0 10.95962
 1.0 10.85106
 1.0 11.51085
 2.0 11.67644
 1.0 10.37408
 1.0 9.63792
 1.0 9.4387
 1.0 8.62533
 1.0 8.76372
 1.0 8.26271
 1.0 8.76845
 2.0 8.2701
 1.0 6.77336
 1.0 6.10678
 1.0 6.76927
 1.0 6.59629
 1.0 7.63207
 1.0 8.9866
 1.0 9.45076
 1.0 8.63434
 1.0 7.21434
 1.0 6.59459
 1.0 6.76721
 1.0 6.59121
 1.0 7.20816
 1.0 7.47084
 1.0 8.4001
 2.0 7.87601
 2.0 7.62692
 1.0 17.69484
 1.0 18.52963
 1.0 18.96549
 1.0 18.86328
 1.0 17.43097
 1.0 16.58946
 1.0 17.25636
 1.0 16.59398
 1.0 16.71208
 1.0 18.20166
 1.0 18.47811
 1.0 17.85721
 1.0 18.47481
 1.0 18.19831
 1.0 18.96904
 1.0 20.44558
 2.0 20.98833
 1.0 20.89456
 1.0 19.45171
 1.0 18.86626
 1.0 17.43356
 1.0 16.5915
 1.0 17.25639
 1.0 18.70282
 1.0 18.80768
 1.0 18.20169
 1.0 16.71243
 1.0 16.59635
 1.0 17.26025
 1.0 17.3279
 1.0 18.13871
 1.0 17.50736
 1.0 16.14731
 1.0 15.63449
 1.0 15.55912
 1.0 14.60658
 1.0 14.73799
 1.0 13.95281
 1.0 15.82789
 1.0 16.33344
 1.0 16.0207
 1.0 13.95023
 1.0 12.29289
 1.0 12.93926
 1.0 13.02745
 1.0 10.95709
 1.0 10.85414
 1.0 10.07792
 1.0 10.27258
 1.0 9.76964
 1.0 10.27689
 1.0 9.77589
 1.0 7.63277
 1.0 8.26675
 1.0 8.0291
 1.0 8.98629
 1.0 10.38852
 1.0 10.86386
 1.0 10.08479
 1.0 8.63369
 1.0 8.02665
 1.0 8.26405
 1.0 8.02423
 1.0 8.62917
 1.0 8.76147
 1.0 9.64653
 2.0 9.10849
 2.0 8.98099
 2.0 8.02352
 2.0 6.76512
 2.0 5.56992
 1.0 18.52631
 1.0 19.44534
 1.0 19.82179
 1.0 19.7634
 1.0 18.35928
 1.0 17.4292
 1.0 18.02204
 1.0 17.25441
 1.0 17.32335
 1.0 18.80571
 1.0 19.03274
 1.0 18.47283
 1.0 19.19222
 1.0 18.96696
 1.0 19.82546
 1.0 21.27886
 1.0 21.76493
 1.0 21.71024
 1.0 20.28735
 2.0 19.76638
 1.0 18.36189
 1.0 17.43131
 1.0 18.02207
 2.0 19.4514
 1.0 18.80574
 1.0 17.32385
 1.0 17.25701
 1.0 18.02607
 1.0 18.13379
 1.0 18.86876
 1.0 18.13471
 1.0 16.77966
 1.0 16.14316
 1.0 16.02189
 1.0 15.15035
 1.0 15.22628
 1.0 14.8119
 1.0 16.33139
 1.0 16.95968
 2.0 16.70498
 1.0 15.22245
 2.0 14.73157
 1.0 13.26247
 1.0 13.17269
 1.0 13.72089
 1.0 13.8599
 1.0 12.53683
 1.0 11.93553
 1.0 11.77571
 1.0 10.85182
 1.0 10.96264
 1.0 10.5672
 1.0 10.96769
 1.0 8.76749
 1.0 8.26337
 1.0 8.76338
 1.0 8.26237
 1.0 9.10975
 2.0 10.5688
 1.0 10.96594
 1.0 10.27122
 1.0 8.76307
 1.0 8.26101
 1.0 8.76179
 1.0 8.62723
 1.0 9.4425
 1.0 9.6451
 1.0 10.38126
 2.0 9.44219
 2.0 8.62722
 2.0 7.20659
 1.0 6.28877
 1.0 19.9968
 1.0 20.88851
 1.0 21.27597
 1.0 21.18518
 1.0 19.76425
 1.0 18.86225
 1.0 19.45138
 1.0 18.70085
 1.0 18.80572
 1.0 20.29455
 1.0 20.54285
 1.0 19.98634
 1.0 20.6907
 1.0 20.44406
 1.0 21.27953
 1.0 22.7424
 1.0 23.2312
 1.0 23.14652
 1.0 21.71051
 1.0 21.18809
 1.0 19.76682
 1.0 18.86434
 1.0 19.45141
 1.0 20.89442
 1.0 20.29458
 1.0 18.80619
 1.0 18.7034
 1.0 19.4554
 1.0 19.51574
 1.0 20.23895
 1.0 19.51645
 1.0 18.13625
 1.0 17.5045
 1.0 17.43705
 1.0 16.593
 1.0 16.70863
 1.0 16.02068
 1.0 16.33156
 1.0 17.85215
 1.0 18.47082
 1.0 18.19469
 1.0 16.21119
 1.0 14.59782
 1.0 15.14578
 1.0 15.221
 1.0 13.85991
 1.0 13.26017
 1.0 13.17564
 1.0 12.29378
 2.0 12.4543
 1.0 12.04352
 1.0 12.45897
 1.0 11.78842
 1.0 10.2758
 1.0 9.77019
 1.0 10.27229
 1.0 9.76878
 1.0 12.04445
 1.0 12.45654
 1.0 11.78372
 2.0 10.27094
 1.0 9.76678
 1.0 10.27013
 1.0 10.07871
 1.0 10.85692
 1.0 10.96288
 1.0 11.6821
 2.0 10.96186
 2.0 10.85588
 2.0 10.07869
 1.0 8.7624
 1.0 20.43818
 1.0 21.27517
 1.0 21.76298
 1.0 21.71021
 2.0 20.28786
 2.0 19.45008
 1.0 20.1379
 1.0 19.4538
 1.0 19.51468
 1.0 20.99014
 1.0 21.19352
 1.0 20.54149
 1.0 21.19104
 1.0 20.98764
 1.0 21.76685
 1.0 23.23239
 1.0 23.80909
 1.0 23.75935
 1.0 22.32792
 1.0 21.71331
 1.0 20.2905
 1.0 19.45212
 1.0 20.13793
 1.0 21.57094
 1.0 21.62586
 1.0 20.99017
 1.0 19.51513
 1.0 19.45625
 1.0 20.14179
 2.0 20.23867
 1.0 21.04785
 1.0 20.39198
 1.0 19.03458
 1.0 18.47547
 1.0 18.369
 1.0 17.43673
 1.0 17.50211
 1.0 16.70779
 1.0 16.96
 1.0 18.47081
 1.0 19.02888
 2.0 18.80268
 1.0 17.32052
 1.0 16.70597
 1.0 15.22355
 1.0 15.14595
 1.0 15.82263
 2.0 15.94385
 1.0 14.59707
 1.0 13.8619
 1.0 13.72432
 1.0 12.93989
 1.0 13.03274
 1.0 12.45518
 1.0 12.7965
 2.0 12.20801
 1.0 10.68201
 1.0 10.27282
 1.0 10.96593
 1.0 10.56878
 1.0 11.51637
 2.0 12.94395
 1.0 13.26936
 2.0 12.45429
 1.0 10.96364
 1.0 10.26849
 1.0 10.67656
 1.0 10.26822
 2.0 10.96314
 1.0 10.85565
 1.0 11.5137
 2.0 10.96109
 2.0 10.26821
 1.0 8.75987
 1.0 21.92199
 1.0 22.7387
 1.0 23.22925
 1.0 23.14649
 1.0 21.71099
 1.0 20.89306
 1.0 21.57092
 1.0 20.89652
 1.0 20.99015
 1.0 22.47236
 1.0 22.6966
 1.0 22.05376
 1.0 22.69429
 1.0 22.47003
 1.0 23.233
 1.0 24.70582
 1.0 25.27957
 1.0 25.20199
 1.0 23.75948
 1.0 23.14952
 1.0 21.71358
 1.0 20.89509
 1.0 21.57095
 1.0 23.01591
 1.0 23.10096
 1.0 22.47239
 1.0 20.99057
 1.0 20.89893
 1.0 21.5748
 1.0 21.62962
 1.0 22.42329
 1.0 21.77301
 1.0 20.39336
 1.0 19.8332
 1.0 19.77314
 1.0 18.86906
 1.0 18.97023
 1.0 18.19728
 1.0 18.47096
 1.0 19.98406
 1.0 20.53888
 1.0 20.29133
 1.0 18.19561
 1.0 16.70598
 1.0 16.58866
 1.0 17.25382
 1.0 17.32038
 1.0 15.22283
 1.0 15.14907
 1.0 14.38828
 1.0 14.52548
 1.0 13.95418
 1.0 14.31409
 1.0 13.73401
 1.0 11.78607
 1.0 12.45719
 1.0 12.04444
 1.0 14.39174
 1.0 14.73758
 1.0 13.95258
 1.0 11.78111
 2.0 12.20256
 1.0 11.78112
 1.0 12.2967
 2.0 12.94115
 2.0 12.2942
 2.0 12.45182
 1.0 11.7811
 1.0 22.73526
 1.0 23.62253
 1.0 24.06269
 1.0 24.0152
 1.0 22.60072
 1.0 21.70918
 1.0 22.32751
 1.0 21.56897
 1.0 21.62389
 1.0 23.09898
 1.0 23.28394
 1.0 22.69218
 1.0 23.41485
 1.0 23.23081
 1.0 24.06653
 1.0 25.52151
 1.0 26.04726
 1.0 26.0018
 1.0 24.57482
 1.0 24.01824
 1.0 22.60334
 1.0 21.71126
 1.0 22.32754
 1.0 23.75911
 1.0 23.80897
 1.0 23.09901
 1.0 21.62443
 1.0 21.57156
 1.0 22.33151
 1.0 22.41919
 1.0 23.15217
 1.0 22.41931
 1.0 21.04547
 1.0 20.38925
 1.0 20.29268
 1.0 19.45311
 1.0 19.51159
 1.0 18.80266
 1.0 19.02697
 1.0 20.5367
 2.0 21.18718
 1.0 20.98412
 1.0 19.50861
 1.0 18.96554
 1.0 17.49719
 1.0 17.42956
 1.0 18.02038
 1.0 18.12675
 1.0 16.77023
 1.0 16.1349
 1.0 16.0172
 1.0 15.14668
 1.0 15.22644
 1.0 15.02566
 1.0 14.31233
 1.0 12.79497
 1.0 12.45539
 1.0 13.0323
 1.0 12.45272
 1.0 13.26579
 1.0 14.73437
 1.0 15.02086
 1.0 14.30632
 1.0 12.78911
 1.0 12.1989
 1.0 12.78977
 1.0 12.45139
 1.0 13.26684
 1.0 13.17858
 1.0 13.72551
 2.0 12.93856
 1.0 13.02866
 1.0 22.33732
 1.0 23.27287
 1.0 23.62114
 1.0 23.53963
 1.0 22.12989
 1.0 21.18215
 1.0 21.70842
 1.0 20.89053
 1.0 20.98445
 1.0 22.46692
 1.0 22.69146
 1.0 22.18902
 1.0 22.96108
 1.0 22.73896
 1.0 23.62469
 1.0 25.0743
 1.0 25.51814
 1.0 25.44108
 1.0 24.01328
 1.0 23.54249
 1.0 22.13244
 1.0 21.18429
 1.0 21.70845
 1.0 23.14471
 1.0 23.22953
 1.0 22.46695
 1.0 20.98501
 1.0 20.89321
 1.0 21.71254
 1.0 21.76688
 1.0 22.41746
 1.0 21.62421
 1.0 20.23483
 1.0 19.51203
 1.0 18.6988
 1.0 18.80133
 1.0 18.193
 1.0 18.4672
 1.0 19.98031
 1.0 20.68554
 1.0 20.43922
 1.0 18.96232
 1.0 18.52924
 1.0 17.06892
 1.0 16.95345
 1.0 17.42718
 1.0 17.49244
 1.0 16.13078
 1.0 15.61901
 1.0 15.54768
 1.0 14.59667
 1.0 14.73249
 1.0 14.38748
 1.0 14.73738
 1.0 13.95436
 1.0 12.45606
 1.0 12.04235
 1.0 12.45251
 1.0 11.77971
 1.0 12.45051
 1.0 13.94921
 1.0 14.30634
 1.0 13.72491
 1.0 12.19891
 1.0 11.77805
 1.0 12.45072
 2.0 12.29376
 1.0 13.17731
 1.0 13.26517
 1.0 13.86528
 1.0 13.02782
 1.0 23.26975
 1.0 24.26539
 1.0 24.56786
 1.0 24.52123
 1.0 23.13795
 1.0 22.12824
 1.0 22.59814
 1.0 21.70661
 1.0 21.76144
 1.0 23.22768
 1.0 23.41187
 1.0 22.95924
 1.0 23.80426
 1.0 23.62279
 1.0 24.57151
 1.0 25.99803
 1.0 26.3967
 1.0 26.35163
 1.0 24.94501
 1.0 24.5241
 1.0 23.14051
 1.0 22.13041
 1.0 22.59817
 1.0 24.01349
 1.0 24.06306
 1.0 23.22771
 1.0 21.76211
 1.0 21.70945
 1.0 22.60234
 1.0 22.68884
 1.0 23.28021
 1.0 22.41372
 1.0 21.03992
 1.0 20.23096
 1.0 20.13405
 1.0 19.44825
 1.0 19.50718
 1.0 18.96289
 1.0 19.18577
 1.0 20.68365
 1.0 21.47439
 1.0 21.27354
 1.0 19.81974
 1.0 19.44612
 1.0 18.01713
 1.0 17.95084
 1.0 18.35629
 1.0 18.46013
 1.0 17.13018
 1.0 16.69614
 1.0 16.58294
 1.0 15.5457
 1.0 15.62397
 1.0 15.35018
 1.0 15.62929
 1.0 14.73605
 1.0 13.26787
 1.0 12.94028
 1.0 13.2639
 1.0 12.44871
 1.0 13.02527
 1.0 14.51782
 1.0 14.80906
 1.0 14.30303
 1.0 12.78565
 1.0 12.44781
 1.0 13.26286
 1.0 13.1752
 1.0 14.16857
 1.0 14.30517
 1.0 14.81113
 1.0 13.86327
 1.0 13.72267
 1.0 13.17603
 1.0 11.7778
 1.0 11.94318
 1.0 10.67499
 1.0 10.26903
 1.0 9.1091
 1.0 7.8753
 1.0 7.62509
 1.0 23.01634
 1.0 24.05449
 1.0 24.2638
 1.0 24.18433
 1.0 22.81471
 1.0 21.75457
 1.0 22.12738
 1.0 21.17966
 1.0 21.27257
 1.0 22.73613
 1.0 22.95829
 1.0 22.59981
 1.0 23.49055
 1.0 23.273
 1.0 24.26714
 1.0 25.68029
 1.0 25.9944
 1.0 25.91853
 1.0 24.51889
 1.0 24.187
 1.0 22.81718
 1.0 21.75677
 1.0 22.1274
 1.0 23.538
 1.0 23.62163
 1.0 22.73616
 1.0 21.27324
 1.0 21.18256
 1.0 22.13166
 1.0 22.18485
 1.0 22.68689
 1.0 21.76151
 1.0 20.38189
 1.0 19.50632
 1.0 19.44611
 1.0 18.85903
 1.0 18.96114
 1.0 18.52683
 1.0 18.79661
 1.0 20.28489
 1.0 21.12703
 1.0 20.88538
 1.0 19.44255
 1.0 19.18332
 1.0 17.77696
 1.0 17.66549
 1.0 17.94806
 1.0 18.01081
 1.0 16.69166
 1.0 16.38862
 1.0 16.32116
 1.0 15.21568
 1.0 15.34657
 1.0 15.2215
 1.0 15.55319
 1.0 14.60273
 1.0 13.17898
 2.0 12.78825
 1.0 12.93685
 1.0 12.03613
 1.0 12.44582
 1.0 13.94463
 1.0 14.30246
 1.0 13.94582
 1.0 12.44716
 1.0 12.29082
 1.0 13.17394
 1.0 13.26245
 1.0 14.30342
 1.0 14.59913
 1.0 15.14703
 1.0 14.16739
 1.0 13.86286
 1.0 13.26327
 1.0 11.94062
 1.0 12.29466
 1.0 11.13686
 1.0 10.6755
 1.0 9.64595
 1.0 8.39911
 1.0 7.87459
 1.0 6.58864
 1.0 23.27013
 1.0 24.26541
 1.0 24.44146
 1.0 24.26681
 1.0 22.86802
 1.0 21.84609
 1.0 22.18259
 1.0 21.27391
 1.0 21.47513
 1.0 22.95966
 1.0 23.27992
 1.0 22.96
 1.0 23.80452
 1.0 23.49095
 1.0 24.44433
 1.0 25.87797
 1.0 26.16032
 1.0 25.99551
 1.0 24.56862
 1.0 24.26924
 1.0 22.87036
 1.0 21.84828
 1.0 22.18261
 1.0 23.62285
 1.0 23.80421
 1.0 22.95969
 1.0 21.47567
 1.0 21.27668
 1.0 22.18686
 1.0 22.13496
 1.0 22.6041
 1.0 21.71103
 1.0 20.28942
 1.0 19.44971
 1.0 19.50905
 1.0 18.96438
 1.0 19.18767
 1.0 18.79943
 1.0 19.1871
 1.0 20.68501
 1.0 21.47518
 1.0 21.12757
 1.0 19.66297
 1.0 19.44628
 1.0 18.0173
 1.0 17.77681
 1.0 18.01515
 1.0 17.94839
 1.0 16.57744
 1.0 16.31948
 1.0 16.39439
 1.0 15.34515
 1.0 15.6247
 1.0 15.55142
 1.0 16.02222
 1.0 15.1529
 1.0 13.72956
 1.0 13.26581
 1.0 12.78828
 1.0 14.30578
 1.0 14.81284
 1.0 13.02913
 1.0 12.93923
 1.0 13.72411
 1.0 13.86448
 1.0 14.81075
 1.0 15.14722
 1.0 15.82383
 1.0 14.94092
 2.0 14.59989
 1.0 13.86487
 2.0 12.54344
 1.0 12.94071
 1.0 11.78017
 1.0 11.13785
 1.0 10.07815
 2.0 8.97913
 1.0 8.3991
 1.0 7.87529
 1.0 6.76265
 1.0 22.33772
 1.0 23.2729
 1.0 23.48977
 1.0 23.27472
 1.0 21.84776
 1.0 20.8875
 1.0 21.27589
 1.0 20.44097
 2.0 20.68765
 1.0 22.18996
 1.0 22.55542
 1.0 22.18981
 1.0 22.96136
 1.0 22.6021
 1.0 23.49252
 1.0 24.94992
 1.0 25.27377
 1.0 25.07237
 1.0 23.6224
 1.0 23.27714
 1.0 21.85009
 1.0 20.88966
 1.0 21.27592
 1.0 22.73952
 1.0 22.96153
 1.0 22.18999
 1.0 20.68808
 1.0 20.44358
 1.0 21.28009
 1.0 21.18944
 1.0 21.71515
 1.0 20.89566
 1.0 19.45402
 1.0 18.70151
 1.0 18.80432
 1.0 18.19547
 1.0 18.46993
 1.0 18.02271
 1.0 18.46858
 1.0 19.98172
 1.0 20.68637
 1.0 20.28738
 2.0 18.79856
 1.0 18.52941
 2.0 17.0691
 1.0 16.76925
 1.0 17.06781
 1.0 16.95201
 1.0 15.54308
 1.0 15.21608
 1.0 15.34661
 1.0 14.38308
 1.0 14.73327
 1.0 14.60181
 1.0 15.15309
 1.0 14.39348
 1.0 12.94631
 1.0 12.29875
 1.0 12.45454
 1.0 11.78303
 1.0 12.20259
 1.0 13.72859
 1.0 14.31025
 1.0 13.95241
 1.0 12.45365
 1.0 12.29581
 1.0 12.94053
 1.0 13.02912
 1.0 13.86489
 1.0 14.16838
 1.0 14.9413
 1.0 14.16818
 2.0 13.86468
 1.0 13.0291
 5.0 11.67925
 1.0 12.04005
 3.0 10.85435
 1.0 10.07704
 1.0 8.9782
 1.0 8.02006
 3.0 7.47009
 1.0 5.56693
 1.0 20.8836
 1.0 21.84532
 1.0 22.04096
 1.0 21.84699
 1.0 20.4343
 1.0 19.44425
 1.0 19.8217
 1.0 18.96377
 1.0 19.18908
 1.0 21.04238
 1.0 20.68762
 1.0 21.47693
 1.0 21.12911
 1.0 22.04376
 1.0 23.49192
 1.0 23.80305
 1.0 23.62192
 1.0 22.18213
 1.0 21.84944
 1.0 20.43665
 1.0 19.44642
 1.0 19.82173
 1.0 21.27591
 1.0 21.47698
 1.0 20.68768
 1.0 19.18954
 1.0 18.96643
 1.0 19.82592
 1.0 19.76768
 1.0 20.2919
 1.0 19.45258
 1.0 18.02472
 1.0 17.25512
 1.0 17.32198
 1.0 16.70566
 1.0 16.95872
 1.0 16.51766
 1.0 16.95757
 1.0 18.46843
 1.0 19.18812
 1.0 17.31621
 1.0 15.62135
 1.0 15.34371
 1.0 15.61976
 1.0 15.54307
 1.0 14.15842
 1.0 13.85469
 1.0 13.94226
 1.0 12.93432
 1.0 13.26415
 1.0 13.1769
 1.0 13.72876
 1.0 12.94567
 1.0 11.51878
 1.0 10.85745
 2.0 10.96316
 1.0 10.27015
 1.0 10.6766
 1.0 12.2026
 1.0 12.79329
 1.0 12.45432
 1.0 10.8554
 1.0 11.513
 1.0 11.67926
 1.0 12.54279
 2.0 12.93772
 1.0 13.7237
 1.0 12.93814
 1.0 12.54322
 1.0 10.37831
 1.0 9.76364
 1.0 8.97789
 1.0 8.02005
 1.0 7.04199
 2.0 6.28612
 1.0 4.57284
 1.0 20.60272
 1.0 21.6131
 1.0 21.84606
 1.0 21.75764
 1.0 20.37695
 1.0 19.34367
 1.0 19.76214
 1.0 18.86018
 1.0 18.96432
 1.0 20.44147
 1.0 20.68814
 1.0 20.28933
 1.0 21.13064
 1.0 20.8888
 1.0 21.8494
 1.0 23.27625
 1.0 23.62281
 1.0 23.53942
 1.0 22.1293
 1.0 21.76036
 1.0 20.37944
 1.0 19.34585
 1.0 19.76217
 1.0 21.18389
 1.0 21.27666
 1.0 20.44149
 2.0 18.96493
 1.0 18.863
 1.0 19.82577
 1.0 20.38626
 1.0 19.51104
 1.0 18.13089
 1.0 17.321
 1.0 17.25316
 1.0 16.58815
 1.0 16.70414
 1.0 16.20896
 1.0 16.51663
 1.0 18.02131
 1.0 18.79987
 1.0 18.5282
 1.0 17.06778
 1.0 16.77122
 1.0 15.34587
 1.0 15.21697
 1.0 15.54466
 1.0 15.61742
 1.0 14.29431
 1.0 13.93845
 1.0 13.85847
 1.0 12.78284
 1.0 13.18068
 1.0 12.2994
 1.0 10.85896
 1.0 10.38153
 1.0 10.5651
 1.0 9.76423
 1.0 10.26609
 1.0 11.77925
 1.0 12.20076
 1.0 11.77996
 1.0 10.26689
 1.0 10.07596
 1.0 10.8536
 1.0 10.9601
 1.0 11.94179
 1.0 12.93965
 1.0 12.03866
 1.0 11.67924
 1.0 10.96059
 1.0 9.64336
 1.0 10.07759
 1.0 8.39976
 1.0 6.28789
 2.0 3.83889
 1.0 20.88543
 1.0 21.84758
 1.0 22.18329
 1.0 22.13151
 1.0 20.73822
 1.0 19.76297
 1.0 19.51112
 1.0 20.98683
 1.0 21.19037
 1.0 20.68894
 1.0 21.47884
 1.0 21.27781
 1.0 22.18695
 1.0 23.62633
 1.0 24.0648
 1.0 24.01546
 1.0 22.60051
 1.0 22.13443
 1.0 20.7408
 1.0 19.76511
 1.0 20.28789
 1.0 21.711
 1.0 21.7657
 1.0 20.98686
 1.0 19.51171
 1.0 19.45282
 1.0 20.29199
 1.0 20.38816
 1.0 21.04455
 1.0 20.23592
 1.0 18.86758
 1.0 18.13318
 1.0 18.02499
 1.0 17.25509
 1.0 17.32147
 1.0 16.70563
 1.0 16.9582
 1.0 18.469
 1.0 19.1894
 1.0 18.96467
 1.0 17.49624
 1.0 17.07119
 1.0 15.62346
 1.0 15.54732
 1.0 16.01427
 1.0 16.13353
 1.0 14.80402
 1.0 14.29877
 1.0 14.16583
 1.0 13.17395
 1.0 13.26559
 1.0 13.27039
 1.0 12.4574
 1.0 10.96667
 1.0 10.56825
 1.0 10.2685
 2.0 10.96137
 1.0 12.45252
 1.0 12.79088
 1.0 12.20074
 1.0 10.26687
 1.0 10.85436
 1.0 11.77994
 1.0 11.94319
 1.0 12.54477
 1.0 11.51249
 1.0 10.85486
 1.0 9.44101
 1.0 9.64567
 1.0 8.39944
 1.0 7.87671
 1.0 5.56893
 2.0 1.52417
 1.0 19.99541
 1.0 20.88718
 1.0 21.2748
 1.0 21.18426
 1.0 19.76341
 1.0 18.86136
 1.0 19.45067
 1.0 18.70011
 1.0 18.80468
 1.0 20.29346
 1.0 20.5415
 1.0 19.98481
 1.0 20.68923
 1.0 20.44284
 1.0 21.27835
 1.0 22.74118
 1.0 23.23012
 1.0 23.14568
 1.0 21.70974
 1.0 19.76597
 1.0 18.86346
 1.0 19.4507
 1.0 20.89362
 1.0 20.98727
 1.0 20.29348
 1.0 18.80515
 1.0 18.70266
 1.0 19.45469
 1.0 19.51531
 1.0 19.51617
 1.0 18.1361
 1.0 17.50434
 1.0 17.43658
 1.0 16.59234
 1.0 16.70763
 1.0 16.01947
 1.0 16.33003
 1.0 17.8506
 2.0 18.46931
 1.0 18.19347
 1.0 16.70382
 1.0 16.20982
 1.0 14.73025
 1.0 14.59687
 1.0 15.14505
 1.0 15.22064
 1.0 13.8597
 1.0 13.25974
 1.0 13.1748
 1.0 12.29288
 1.0 12.45297
 1.0 12.0419
 1.0 12.45696
 1.0 11.7863
 1.0 10.27363
 1.0 9.76849
 1.0 9.76736
 1.0 10.56775
 1.0 12.0433
 1.0 12.45498
 1.0 11.78184
 1.0 10.26905
 1.0 9.76451
 1.0 10.26796
 1.0 10.07623
 1.0 10.85462
 1.0 10.96035
 1.0 10.95882
 1.0 10.85307
 1.0 10.07622
 1.0 8.62464
 1.0 8.75955
 2.0 7.46935
 1.0 4.57285
 1.0 0.00386
 1.0 20.28523
 1.0 21.12802
 1.0 21.47538
 1.0 21.27652
 1.0 19.82308
 1.0 19.51145
 1.0 18.80472
 1.0 19.03147
 2.0 20.54154
 1.0 20.89835
 1.0 20.38932
 1.0 21.04317
 1.0 20.68873
 1.0 21.47839
 1.0 22.96235
 1.0 23.41374
 1.0 23.22993
 1.0 21.76396
 1.0 21.27917
 1.0 19.8255
 1.0 18.96702
 1.0 19.51148
 1.0 20.98717
 1.0 21.19058
 1.0 20.54157
 1.0 19.03179
 1.0 18.8071
 1.0 19.51546
 1.0 19.45657
 1.0 20.14375
 1.0 19.45772
 1.0 18.02995
 1.0 17.43898
 1.0 17.50451
 1.0 16.70981
 1.0 16.96215
 1.0 16.33191
 1.0 16.77603
 2.0 18.30203
 1.0 18.86466
 1.0 18.46902
 1.0 16.9579
 2.0 16.51833
 1.0 15.01757
 1.0 14.72951
 1.0 15.22247
 1.0 15.14469
 1.0 13.7199
 1.0 13.17229
 1.0 13.26352
 1.0 12.45076
 1.0 12.79219
 1.0 12.45453
 1.0 13.03615
 1.0 12.45965
 1.0 10.96922
 1.0 10.27338
 1.0 10.68022
 1.0 10.27312
 1.0 10.96671
 1.0 12.45744
 1.0 13.03574
 1.0 12.45609
 1.0 10.96518
 1.0 10.56721
 1.0 10.96315
 1.0 10.85488
 1.0 11.51347
 1.0 11.94085
 1.0 11.77851
 1.0 9.44013
 1.0 9.64422
 1.0 8.39745
 1.0 5.56594
 2.0 1.52237
 1.0 3.52258
 1.0 21.77934
 1.0 22.60096
 1.0 22.95991
 1.0 22.74009
 1.0 21.27718
 1.0 20.44204
 1.0 20.98715
 1.0 20.2935
 1.0 22.0538
 1.0 22.42111
 1.0 21.91197
 1.0 22.55616
 1.0 22.19097
 1.0 22.96284
 1.0 24.45195
 1.0 24.90745
 1.0 24.7034
 1.0 23.23017
 1.0 22.74269
 1.0 21.27957
 1.0 20.44412
 1.0 20.98718
 1.0 22.4696
 1.0 22.69387
 1.0 22.05383
 1.0 20.54184
 1.0 20.29584
 1.0 20.99114
 1.0 20.8995
 1.0 21.57677
 1.0 20.90043
 1.0 19.45886
 1.0 18.87129
 1.0 18.97259
 1.0 18.19928
 1.0 18.47308
 1.0 17.85263
 1.0 19.82803
 1.0 20.38669
 1.0 19.98242
 1.0 18.46903
 1.0 18.02332
 1.0 16.20915
 1.0 16.705
 1.0 16.58751
 1.0 15.1447
 1.0 14.59746
 1.0 14.73271
 1.0 13.94983
 1.0 14.30985
 1.0 13.95339
 1.0 14.52853
 1.0 13.95796
 1.0 12.45987
 1.0 11.78631
 1.0 12.20621
 1.0 11.78562
 1.0 12.45722
 1.0 13.9556
 1.0 14.5274
 1.0 13.95399
 1.0 12.45542
 1.0 12.04213
 1.0 12.45386
 1.0 12.29557
 1.0 12.94116
 1.0 13.02933
 1.0 13.86508
 1.0 13.2637
 1.0 13.17688
 1.0 12.29511
 1.0 10.8541
 1.0 10.96161
 1.0 9.64394
 1.0 8.76051
 1.0 6.76101
 1.0 6.58781
 1.0 5.77326
 1.0 3.83819
 1.0 22.59774
 1.0 23.48997
 1.0 23.80277
 1.0 23.62375
 1.0 22.18433
 1.0 21.27547
 1.0 21.76404
 1.0 20.98528
 1.0 21.1887
 1.0 22.69198
 1.0 23.01548
 1.0 22.55441
 1.0 23.28099
 1.0 22.961
 1.0 23.80584
 1.0 25.27583
 1.0 25.68627
 1.0 25.51883
 1.0 24.06346
 1.0 23.62637
 1.0 22.18674
 1.0 21.27759
 1.0 21.76407
 1.0 23.23027
 1.0 23.4142
 1.0 22.69201
 1.0 21.18912
 1.0 20.98781
 1.0 21.76815
 1.0 21.71563
 1.0 22.33329
 1.0 21.57289
 1.0 20.14126
 1.0 19.45484
 1.0 19.51346
 1.0 18.80415
 1.0 19.02859
 1.0 18.86303
 1.0 20.3849
 1.0 21.03967
 1.0 20.68555
 1.0 19.18724
 1.0 18.80031
 1.0 17.31812
 1.0 17.06876
 1.0 17.49562
 1.0 17.42783
 1.0 16.01237
 1.0 15.54626
 1.0 15.62399
 1.0 14.73081
 1.0 15.02088
 1.0 14.73494
 1.0 14.52738
 1.0 13.0355
 1.0 12.45563
 1.0 12.7926
 1.0 12.79131
 1.0 14.30868
 1.0 14.8147
 1.0 14.3077
 1.0 12.79022
 1.0 12.45117
 1.0 13.02975
 1.0 12.93922
 1.0 13.72492
 1.0 13.86307
 1.0 13.72328
 1.0 12.93921
 1.0 11.51177
 1.0 11.6802
 1.0 10.37939
 1.0 9.64509
 1.0 8.39878
 1.0 7.20582
