
 101.0 1.526
 1.0 1.76286
 97.0 2.49139
 2.0 1.76128
 65.0 2.92064
 3.0 1.52418
 22.0 2.48916
 1.0 1.7597
 8.0 2.91968
 17.0 3.52256
 6.0 2.49026
 2.0 2.92158
 5.0 1.52235
 3.0 1.52599
 2.0 2.49137
 2.0 0.00446
 2.0 1.52236
 1.0 3.05199
 1.0 3.84033
 4.0 2.49249
 4.0 2.48805
 10.0 3.83745
 42.0 4.31457
 31.0 3.83962
 1.0 3.84035
 1.0 4.31585
 3.0 2.92349
 2.0 2.49363
 1.0 2.91875
 8.0 4.31264
 16.0 5.21015
 10.0 4.98278
 1.0 3.93905
 1.0 4.57647
 2.0 3.52571
 1.0 2.92444
 1.0 3.836
 3.0 4.98055
 2.0 2.91969
 2.0 3.52098
 1.0 2.92253
 2.0 2.49362
 2.0 1.52419
 2.0 2.48693
 4.0 3.83601
 1.0 1.75969
 2.0 2.91967
 1.0 0.00223
 2.0 2.91874
 5.0 2.48804
 1.0 1.52052
 1.0 2.48691
 1.0 1.52782
 1.0 0.0059
 2.0 1.52055
 1.0 2.48581
 1.0 2.91683
 1.0 1.75815
 1.0 1.51871
 7.0 2.9197
 2.0 2.49252
 1.0 1.52603
 2.0 2.48919
 1.0 2.91685
 1.0 3.51942
 3.0 2.91779
 7.0 4.57526
 1.0 1.52605
 1.0 0.00804
 1.0 1.52053
 1.0 2.48806
 4.0 2.92161
 2.0 2.49364
 1.0 2.92258
 1.0 2.4892
 1.0 2.91781
 7.0 4.31263
 13.0 4.57587
 1.0 3.05204
 1.0 1.52606
 1.0 2.48694
 3.0 3.83675
 2.0 4.31523
 1.0 3.84109
 1.0 4.31654
 1.0 3.83822
 1.0 4.31266
 2.0 3.83674
 5.0 4.97943
 3.0 5.208
 3.0 5.56941
 1.0 3.83821
 1.0 2.48808
 1.0 3.83457
 1.0 4.97945
 1.0 5.21123
 1.0 4.31653
 1.0 4.57713
 1.0 4.31203
 2.0 5.2075
 1.0 4.97944
 2.0 6.287
 3.0 6.58864
 5.0 6.76428
 7.0 5.56942
 1.0 3.93485
 1.0 2.914
 1.0 4.30942
 2.0 5.20696
 3.0 4.98168
 2.0 3.8382
 1.0 4.31202
 1.0 4.57104
 1.0 5.56544
 1.0 5.20589
 1.0 6.58696
 1.0 6.76182
 2.0 5.20801
 2.0 4.57286
 1.0 3.51629
 2.0 4.57164
 2.0 5.56744
 3.0 5.20963
 6.0 4.31265
 1.0 5.56545
 1.0 6.28524
 2.0 5.56543
 1.0 6.761
 1.0 6.58695
 2.0 6.28699
 2.0 5.20908
 4.0 4.31392
 1.0 5.83988
 1.0 4.57166
 2.0 5.56644
 1.0 6.76307
 6.0 6.59076
 1.0 5.77423
 1.0 6.58867
 2.0 6.76102
 1.0 7.46972
 2.0 6.76142
 3.0 7.87458
 1.0 7.6247
 1.0 7.47192
 3.0 6.28831
 3.0 6.59032
 2.0 5.77517
 7.0 4.57648
 1.0 6.76144
 1.0 5.56446
 1.0 6.7606
 1.0 7.87459
 1.0 7.62655
 1.0 6.58866
 1.0 7.20545
 1.0 7.46787
 2.0 8.39712
 1.0 7.87318
 2.0 9.10695
 2.0 8.9788
 1.0 8.76112
 1.0 7.47081
 1.0 7.6258
 1.0 6.58906
 2.0 5.20854
 6.0 5.56991
 1.0 8.06952
 1.0 6.76062
 2.0 7.87389
 2.0 9.10818
 3.0 8.9816
 1.0 8.02248
 1.0 8.62659
 1.0 8.75861
 1.0 9.64422
 1.0 10.26847
 1.0 10.07839
 1.0 9.96331
 1.0 8.76175
 4.0 8.98097
 3.0 8.02281
 1.0 6.58948
 3.0 6.7651
 6.0 5.57041
 1.0 9.10697
 1.0 7.87249
 1.0 9.10635
 1.0 10.26821
 1.0 10.0798
 1.0 8.97976
 1.0 9.44103
 1.0 9.6425
 1.0 10.67394
 1.0 10.26712
 1.0 11.51416
 1.0 11.41332
 1.0 11.24287
 1.0 9.9622
 2.0 10.07895
 2.0 8.97973
 1.0 7.62544
 2.0 7.8774
 2.0 6.76551
 1.0 9.48072
 1.0 8.39481
 1.0 9.64278
 1.0 10.67446
 3.0 10.26902
 2.0 9.10666
 1.0 9.64251
 1.0 10.07374
 1.0 11.13486
 1.0 10.67289
 1.0 11.94246
 1.0 11.77944
 1.0 11.4121
 2.0 10.07647
 1.0 10.2682
 1.0 9.10726
 2.0 8.40074
 3.0 7.47305
 4.0 6.2892
 1.0 10.07594
 1.0 8.97512
 2.0 10.07566
 1.0 11.13735
 1.0 10.6768
 1.0 9.64451
 1.0 10.37885
 1.0 10.85231
 1.0 11.77827
 1.0 11.13535
 1.0 12.29464
 1.0 11.94292
 1.0 11.51392
 1.0 10.26765
 1.0 10.67626
 1.0 9.64593
 1.0 8.39942
 2.0 8.02315
 4.0 7.04513
 1.0 10.70881
 1.0 9.75994
 1.0 10.85281
 1.0 11.77945
 1.0 11.13784
 1.0 10.8523
 1.0 11.51007
 1.0 12.44936
 1.0 11.77708
 1.0 12.93876
 1.0 12.54319
 1.0 11.94199
 1.0 10.6734
 1.0 11.13733
 1.0 10.07757
 1.0 9.76646
 1.0 8.98065
 2.0 6.28876
 1.0 11.7771
 1.0 10.85026
 2.0 12.03796
 1.0 12.93963
 1.0 12.29578
 1.0 11.13536
 1.0 11.77663
 2.0 12.44781
 1.0 13.49482
 1.0 12.93748
 1.0 14.16854
 1.0 13.86445
 1.0 13.26451
 1.0 11.94153
 2.0 12.29509
 2.0 11.13684
 1.0 10.07702
 2.0 10.85689
 2.0 10.0795
 3.0 7.4723
 1.0 12.57224
 1.0 11.77451
 2.0 12.9377
 1.0 13.72429
 1.0 12.94028
 1.0 11.77733
 1.0 13.26138
 1.0 14.30301
 1.0 13.72185
 1.0 14.94015
 1.0 14.59891
 1.0 13.86345
 1.0 12.54209
 1.0 12.93962
 1.0 11.77921
 2.0 10.85459
 2.0 11.78156
 2.0 11.13933
 2.0 10.07978
 2.0 8.98066
 3.0 8.40041
 1.0 7.87669
 2.0 6.76429
 7.0 6.59075
 6.0 5.77566
 1.0 11.77403
 1.0 11.12937
 1.0 12.29036
 2.0 12.93706
 1.0 10.85025
 1.0 11.50742
 2.0 12.44535
 1.0 13.49214
 2.0 12.93448
 1.0 14.16541
 1.0 13.86105
 1.0 13.02482
 1.0 11.67543
 1.0 12.03726
 1.0 10.85229
 1.0 10.07482
 1.0 10.67549
 1.0 9.64594
 1.0 8.39909
 1.0 7.62508
 3.0 6.76388
 3.0 6.10127
 4.0 4.57527
 1.0 12.8139
 1.0 12.28743
 1.0 13.4064
 1.0 13.9462
 1.0 11.77474
 1.0 13.49111
 1.0 14.51589
 2.0 13.94341
 1.0 15.14353
 1.0 14.80679
 1.0 13.86005
 1.0 12.539
 1.0 12.93705
 1.0 11.77709
 1.0 11.13485
 1.0 11.94409
 1.0 10.96336
 1.0 9.64565
 1.0 9.10756
 1.0 8.02212
 1.0 8.26132
 4.0 7.62727
 1.0 13.49194
 1.0 12.93277
 1.0 13.945
 1.0 14.51856
 2.0 13.49523
 1.0 12.44691
 1.0 13.25991
 1.0 14.30029
 1.0 15.22003
 1.0 14.5155
 1.0 15.62235
 1.0 15.14316
 1.0 14.16443
 1.0 12.9349
 1.0 13.49481
 2.0 12.4498
 1.0 11.77802
 1.0 12.94026
 1.0 12.54519
 1.0 11.68208
 1.0 10.38124
 1.0 9.64478
 1.0 9.44217
 1.0 8.6272
 2.0 8.76176
 1.0 8.26133
 1.0 12.56891
 1.0 12.03127
 2.0 13.49358
 2.0 12.44824
 1.0 11.50741
 1.0 12.44489
 1.0 13.49048
 1.0 14.29989
 1.0 13.49028
 1.0 14.51511
 1.0 13.9426
 1.0 12.9334
 1.0 11.7733
 1.0 12.44801
 2.0 11.51078
 1.0 10.85202
 1.0 12.03863
 1.0 11.67922
 1.0 10.96133
 2.0 9.6442
 2.0 8.75858
 1.0 8.62527
 1.0 8.02039
 1.0 8.25931
 1.0 8.02213
 3.0 6.58865
 3.0 5.77374
 6.0 4.57588
 8.0 3.52257
 1.0 11.50717
 1.0 10.84616
 1.0 11.77425
 1.0 10.55981
 1.0 11.50692
 1.0 12.44467
 1.0 13.25969
 1.0 12.44511
 1.0 13.49213
 1.0 12.93468
 1.0 12.03494
 1.0 10.84972
 1.0 11.51053
 1.0 10.56295
 1.0 9.76162
 1.0 10.8533
 1.0 10.37855
 1.0 9.64362
 1.0 8.39743
 1.0 7.46858
 1.0 7.20465
 1.0 6.58653
 3.0 6.58781
 1.0 4.31201
 2.0 2.9178
 2.0 3.521
 1.0 10.7036
 1.0 10.06683
 1.0 10.84794
 1.0 11.50884
 1.0 10.56137
 1.0 9.75763
 1.0 10.84741
 2.0 11.77164
 1.0 12.44443
 1.0 11.50546
 1.0 12.44488
 1.0 11.77259
 1.0 10.84843
 1.0 9.7582
 1.0 10.56136
 1.0 9.76132
 1.0 8.97445
 1.0 10.0737
 1.0 9.64074
 1.0 9.10419
 1.0 7.87174
 1.0 6.75852
 2.0 6.58442
 1.0 6.2839
 2.0 6.5857
 2.0 6.76101
 2.0 5.56594
 1.0 3.51943
 1.0 4.57467
 5.0 4.31393
 1.0 10.06876
 1.0 9.63386
 1.0 10.37295
 1.0 10.84973
 1.0 9.75964
 1.0 8.97075
 1.0 10.06874
 1.0 11.12835
 1.0 11.77189
 1.0 10.84614
 1.0 11.77213
 1.0 11.12886
 1.0 10.06931
 1.0 8.97107
 1.0 9.75963
 1.0 8.97477
 1.0 8.39412
 1.0 9.64103
 1.0 9.43776
 2.0 8.97602
 1.0 7.62179
 1.0 6.58443
 1.0 6.75937
 1.0 7.20506
 1.0 7.4701
 2.0 6.28613
 2.0 5.56795
 1.0 4.57408
 1.0 5.56894
 2.0 5.20962
 1.0 9.47308
 1.0 9.09507
 1.0 9.63587
 1.0 10.07068
 1.0 8.9723
 1.0 8.38948
 1.0 9.63554
 1.0 10.66532
 1.0 11.12785
 1.0 10.06682
 1.0 10.84563
 1.0 10.06711
 1.0 8.96921
 1.0 8.01206
 1.0 8.9726
 1.0 8.3941
 1.0 7.86892
 1.0 9.10175
 1.0 8.97262
 2.0 8.75573
 1.0 7.46635
 1.0 6.28169
 1.0 6.5836
 1.0 6.75896
 1.0 7.46825
 1.0 8.02007
 2.0 7.042
 1.0 6.28703
 1.0 6.7639
 1.0 6.59034
 2.0 6.10126
 1.0 10.66637
 1.0 10.2563
 1.0 10.66664
 1.0 11.13134
 2.0 10.07149
 1.0 9.63641
 1.0 10.95345
 1.0 11.93454
 1.0 12.28671
 1.0 11.12735
 1.0 11.77094
 1.0 10.84512
 1.0 9.75564
 1.0 8.97074
 1.0 10.07203
 1.0 9.64129
 2.0 9.10235
 1.0 10.2625
 1.0 10.07095
 1.0 9.95662
 1.0 8.75635
 2.0 7.46523
 1.0 7.61961
 2.0 7.87106
 1.0 8.3958
 1.0 8.97728
 1.0 8.01937
 1.0 7.47121
 1.0 7.20775
 1.0 6.76387
 1.0 11.2671
 1.0 10.66351
 1.0 11.12884
 1.0 11.77446
 1.0 10.84995
 1.0 10.37237
 1.0 11.67253
 1.0 12.53586
 1.0 12.93208
 1.0 11.77068
 1.0 12.44375
 1.0 11.50496
 2.0 10.5582
 1.0 9.75789
 2.0 10.85045
 1.0 10.37691
 1.0 9.63956
 1.0 10.66947
 1.0 10.26087
 1.0 8.97383
 1.0 7.61849
 1.0 7.46411
 1.0 7.61924
 1.0 7.86965
 1.0 8.39513
 1.0 7.46674
 1.0 6.28348
 1.0 5.56444
 1.0 6.28611
 1.0 11.77093
 1.0 11.12536
 1.0 12.44598
 1.0 11.5081
 1.0 10.84637
 1.0 12.031
 1.0 12.93058
 1.0 13.48881
 1.0 12.44241
 1.0 13.25778
 1.0 12.44353
 1.0 11.50617
 1.0 11.50833
 1.0 10.07147
 1.0 11.13181
 1.0 10.66895
 1.0 10.26249
 1.0 7.86891
 1.0 7.61886
 1.0 7.61997
 1.0 6.75813
 1.0 5.56394
 1.0 4.56981
 1.0 5.20642
 1.0 4.9772
 3.0 5.20695
 1.0 4.312
 1.0 12.81105
 1.0 12.28379
 1.0 12.93232
 1.0 13.49171
 1.0 12.44599
 1.0 11.77116
 1.0 12.93123
 1.0 13.94019
 1.0 14.5128
 1.0 13.488
 1.0 14.29774
 1.0 13.48841
 1.0 12.44309
 1.0 11.50545
 1.0 12.4462
 1.0 11.7754
 1.0 11.13182
 1.0 12.29054
 1.0 11.93825
 1.0 11.5098
 1.0 10.26412
 1.0 9.10266
 1.0 8.97446
 1.0 8.75667
 1.0 9.10573
 1.0 7.87246
 1.0 6.76059
 1.0 5.56542
 1.0 6.28655
 1.0 5.56742
 2.0 5.20694
 1.0 4.97942
 3.0 3.83672
 3.0 2.48803
 1.0 12.28469
 1.0 11.93061
 1.0 12.53523
 1.0 12.93275
 1.0 11.77212
 1.0 11.12685
 1.0 12.2849
 1.0 13.40078
 1.0 13.9394
 1.0 12.92888
 1.0 13.71456
 1.0 12.92846
 1.0 11.76812
 1.0 10.84435
 1.0 11.77235
 1.0 11.13133
 1.0 10.6687
 1.0 11.93756
 1.0 11.774
 1.0 11.4082
 1.0 10.07343
 1.0 8.97353
 1.0 9.10298
 1.0 8.97571
 1.0 9.43982
 1.0 9.6445
 1.0 8.3981
 2.0 7.47045
 2.0 6.28964
 1.0 5.5694
 2.0 5.21066
 2.0 4.31584
 2.0 2.92157
 2.0 3.52413
 1.0 11.26417
 1.0 10.94842
 1.0 11.67068
 1.0 12.03196
 2.0 10.84666
 1.0 10.06627
 1.0 11.12585
 1.0 12.28401
 1.0 12.92953
 1.0 12.02826
 1.0 12.92911
 1.0 12.28313
 1.0 11.12488
 1.0 10.06573
 1.0 10.0704
 1.0 9.63787
 1.0 10.95575
 1.0 10.84947
 1.0 10.37669
 1.0 8.97478
 1.0 8.01588
 1.0 8.25527
 1.0 8.01831
 1.0 8.62528
 1.0 8.76049
 1.0 6.76347
 1.0 5.56892
 1.0 6.29008
 1.0 5.5714
 1.0 4.57646
 1.0 3.84178
 1.0 2.4936
 1.0 2.92348
 1.0 1.52417
 1.0 12.03081
 1.0 11.66973
 1.0 12.53702
 1.0 12.93384
 1.0 11.77332
 2.0 10.8459
 1.0 11.77001
 1.0 12.93082
 1.0 13.71639
 1.0 12.9304
 1.0 13.94043
 1.0 13.40144
 1.0 12.28494
 1.0 11.12738
 1.0 11.77308
 1.0 10.84948
 1.0 10.37536
 2.0 11.67733
 1.0 11.51103
 1.0 10.85408
 1.0 9.44012
 1.0 8.62398
 1.0 8.75922
 1.0 8.25897
 1.0 8.76177
 1.0 8.62914
 2.0 7.20851
 2.0 6.5916
 1.0 5.21121
 1.0 5.5724
 1.0 4.5789
 2.0 2.92252
 2.0 2.49472
 1.0 1.52963
 1.0 2.49028
 1.0 3.83818
 2.0 4.57649
 1.0 11.26567
 1.0 10.95072
 1.0 11.93552
 1.0 12.28834
 1.0 11.13038
 1.0 10.06795
 1.0 10.84463
 1.0 12.03035
 2.0 12.93106
 1.0 12.28517
 1.0 13.40207
 1.0 13.02059
 1.0 11.9332
 1.0 10.66511
 1.0 11.12988
 1.0 10.07098
 1.0 9.63962
 1.0 10.95856
 1.0 10.85333
 2.0 10.07704
 1.0 8.62529
 1.0 8.01936
 1.0 8.25932
 1.0 7.62546
 1.0 8.26201
 1.0 8.0249
 1.0 6.29231
 1.0 4.98502
 1.0 5.21441
 1.0 4.31907
 1.0 2.92443
 1.0 2.49471
 1.0 2.92633
 1.0 2.49585
 1.0 2.92539
 2.0 3.52573
 1.0 2.92065
 1.0 4.31394
 3.0 5.21016
 2.0 5.57043
 1.0 10.0685
 1.0 9.63445
 1.0 10.66797
 1.0 11.13138
 1.0 10.07209
 1.0 8.97078
 1.0 9.75539
 1.0 11.77168
 1.0 11.12838
 1.0 12.28766
 1.0 11.93575
 1.0 10.95376
 1.0 9.63675
 1.0 10.07153
 1.0 8.97356
 1.0 8.39414
 1.0 9.64221
 1.0 9.44013
 1.0 8.62593
 1.0 7.20505
 1.0 6.58655
 2.0 6.76225
 1.0 6.09946
 2.0 6.7643
 1.0 4.98391
 1.0 3.84108
 1.0 4.31714
 1.0 3.84179
 1.0 2.92255
 4.0 2.49029
 1.0 10.70648
 1.0 10.07071
 1.0 11.13386
 1.0 11.77804
 1.0 10.85384
 1.0 9.7605
 1.0 10.55982
 2.0 11.5079
 1.0 12.44736
 1.0 11.7752
 1.0 12.54166
 1.0 11.67734
 1.0 10.3767
 2.0 10.85332
 1.0 9.76305
 1.0 8.97757
 1.0 10.07813
 2.0 9.64652
 2.0 8.76239
 1.0 7.47193
 1.0 5.77518
 1.0 6.1031
 1.0 5.77663
 1.0 4.31522
 2.0 3.84181
 2.0 2.92254
 1.0 2.49138
 1.0 1.52234
 3.0 1.52602
 1.0 2.49253
 1.0 2.92067
 2.0 4.31524
 2.0 5.21071
 2.0 4.98169
 1.0 11.77568
 1.0 11.13187
 1.0 12.29307
 1.0 12.93899
 1.0 12.03935
 1.0 10.85128
 1.0 12.44647
 1.0 12.93641
 1.0 14.16757
 1.0 13.86366
 1.0 13.02696
 1.0 12.03865
 1.0 10.07676
 2.0 11.13934
 1.0 10.67887
 1.0 9.64911
 1.0 8.40174
 2.0 7.87812
 1.0 7.62982
 1.0 6.59329
 1.0 6.76963
 1.0 6.10674
 1.0 4.58074
 2.0 4.32166
 1.0 2.92826
 1.0 2.49808
 1.0 1.53147
 1.0 0.00805
 2.0 2.4903
 2.0 2.92162
 1.0 2.49365
 1.0 3.84182
 1.0 4.31459
 2.0 5.77616
 3.0 6.59162
 1.0 6.29056
 1.0 12.81303
 1.0 12.28765
 1.0 13.40661
 1.0 13.9454
 2.0 12.9362
 1.0 11.77309
 1.0 12.44334
 1.0 13.48988
 1.0 14.51474
 1.0 13.94261
 1.0 15.1428
 1.0 14.80642
 1.0 13.85906
 1.0 12.5379
 1.0 12.93555
 1.0 11.77544
 1.0 11.13435
 1.0 12.29532
 1.0 11.94549
 1.0 10.96488
 1.0 9.10909
 3.0 8.98283
 1.0 8.02559
 1.0 8.26637
 1.0 7.63273
 1.0 6.10673
 1.0 5.7824
 1.0 3.84758
 1.0 2.50031
 1.0 1.53148
 1.0 0.00972
 1.0 1.52969
 1.0 2.49366
 2.0 2.92542
 1.0 4.31781
 1.0 4.57529
 3.0 6.10129
 1.0 6.76472
 1.0 13.40495
 1.0 14.59797
 1.0 15.14518
 1.0 14.1666
 1.0 12.93427
 1.0 13.48947
 1.0 14.51436
 1.0 15.62129
 1.0 15.14261
 1.0 16.39707
 1.0 16.13521
 1.0 15.21913
 1.0 13.85965
 1.0 14.16581
 1.0 12.29329
 1.0 13.41261
 1.0 13.03399
 1.0 11.94828
 1.0 10.6781
 1.0 10.27118
 1.0 10.08337
 2.0 8.98531
 1.0 9.11702
 1.0 8.26973
 1.0 6.77209
 1.0 6.60003
 1.0 5.21922
 1.0 4.32552
 1.0 2.93206
 1.0 2.497
 1.0 1.52607
 1.0 2.49479
 1.0 3.84184
 2.0 4.31911
 1.0 5.77905
 2.0 7.62729
 1.0 8.26235
 1.0 8.02561
 1.0 6.59205
 1.0 6.29011
 2.0 6.59119
 1.0 5.77519
 1.0 13.51852
 1.0 13.02249
 1.0 14.30147
 1.0 14.80699
 1.0 13.86087
 1.0 12.53746
 1.0 12.93063
 1.0 13.94082
 1.0 15.14097
 1.0 14.80474
 1.0 16.13349
 1.0 16.01337
 1.0 15.14116
 1.0 13.71762
 1.0 13.85986
 1.0 12.53879
 1.0 11.93992
 1.0 13.03016
 1.0 12.70167
 1.0 11.51779
 1.0 10.26983
 1.0 10.07979
 1.0 9.96668
 1.0 8.7662
 1.0 8.98809
 1.0 8.03147
 1.0 6.59792
 1.0 6.77415
 1.0 5.5789
 1.0 4.58741
 2.0 3.53362
 2.0 2.92733
 1.0 2.49367
 1.0 3.84329
 1.0 4.98505
 3.0 5.21391
 2.0 6.5933
 1.0 6.76349
 1.0 8.26067
 1.0 9.10972
 1.0 8.98224
 1.0 7.47307
 1.0 7.62728
 1.0 6.58992
 1.0 13.01865
 1.0 12.68768
 1.0 13.94122
 1.0 14.29739
 1.0 13.257
 1.0 11.93249
 1.0 12.28223
 1.0 13.39936
 1.0 14.59018
 1.0 14.29506
 1.0 15.61686
 1.0 15.54248
 1.0 14.58943
 1.0 13.16593
 1.0 13.25595
 1.0 11.93388
 1.0 11.50719
 1.0 12.69555
 1.0 12.5452
 1.0 11.41406
 1.0 9.9611
 1.0 10.08034
 1.0 9.44924
 1.0 8.63557
 1.0 7.21506
 1.0 7.48086
 1.0 6.29716
 1.0 5.58039
 1.0 4.5868
 1.0 3.53047
 1.0 4.32104
 1.0 5.57343
 1.0 6.76635
 1.0 8.0204
 1.0 8.97913
 1.0 9.1091
 1.0 7.87601
 1.0 7.62619
 1.0 7.47194
 1.0 6.28744
 1.0 4.98056
 1.0 12.80719
 1.0 12.53303
 1.0 13.85625
 1.0 14.15954
 1.0 13.16762
 1.0 11.76791
 1.0 11.92876
 1.0 13.01652
 1.0 14.29351
 1.0 14.15758
 1.0 15.54088
 1.0 15.61597
 1.0 14.72043
 1.0 13.25261
 1.0 13.16635
 1.0 11.76862
 1.0 11.40434
 1.0 12.54077
 1.0 12.45137
 1.0 11.24214
 2.0 9.95999
 1.0 10.07648
 3.0 10.27037
 1.0 9.11092
 1.0 9.65198
 1.0 8.76904
 1.0 7.47899
 1.0 8.03112
 1.0 7.05302
 1.0 6.29936
 1.0 5.5799
 1.0 4.58317
 1.0 4.32039
 1.0 5.78145
 1.0 6.59415
 1.0 6.76759
 1.0 7.624
 1.0 8.97758
 1.0 10.07731
 1.0 8.98037
 1.0 7.47082
 1.0 6.28833
 1.0 11.76838
 1.0 11.40117
 1.0 12.78086
 1.0 13.16846
 1.0 12.28654
 1.0 10.84465
 1.0 10.9487
 1.0 11.93109
 1.0 13.25449
 1.0 13.16677
 1.0 14.59114
 1.0 14.72382
 1.0 13.93846
 1.0 12.44024
 1.0 12.28518
 1.0 10.8449
 1.0 10.37324
 1.0 11.40872
 1.0 11.24091
 1.0 9.96222
 1.0 8.75892
 1.0 8.97789
 1.0 9.1094
 2.0 7.87741
 1.0 8.40471
 1.0 7.47787
 1.0 6.29406
 1.0 7.05144
 2.0 6.29495
 1.0 5.57739
 1.0 5.21708
 2.0 4.31845
 1.0 4.57893
 1.0 6.10493
 1.0 6.76595
 1.0 7.62582
 1.0 7.4686
 1.0 8.75796
 1.0 10.07649
 1.0 8.97727
 1.0 9.10696
 1.0 8.97881
 1.0 7.62362
 1.0 6.58823
 1.0 4.97831
 1.0 12.32022
 1.0 11.77381
 1.0 13.17394
 1.0 13.72107
 1.0 12.93665
 1.0 11.50793
 1.0 11.6726
 1.0 12.53747
 1.0 13.85967
 1.0 13.71945
 1.0 15.14373
 1.0 15.22078
 1.0 14.51553
 1.0 13.02336
 2.0 12.93536
 1.0 11.50817
 1.0 10.85232
 1.0 11.78111
 1.0 11.4165
 1.0 10.08228
 1.0 8.9813
 2.0 9.11032
 1.0 8.98439
 1.0 7.63056
 1.0 7.88376
 1.0 6.7725
 1.0 5.57691
 1.0 6.29717
 1.0 5.57641
 1.0 4.58377
 1.0 4.31974
 1.0 3.84038
 1.0 4.31331
 1.0 5.77521
 1.0 6.58994
 1.0 6.28879
 2.0 7.47196
 2.0 7.62328
 2.0 8.9779
 1.0 10.07705
 1.0 9.96112
 1.0 8.75893
 1.0 9.10727
 1.0 6.76183
 1.0 12.54035
 1.0 11.939
 1.0 13.26391
 1.0 13.86368
 1.0 13.02783
 1.0 11.67641
 1.0 12.03383
 1.0 12.93493
 1.0 14.16582
 1.0 13.86167
 1.0 15.22206
 1.0 15.14574
 1.0 14.38285
 1.0 13.02676
 1.0 11.67735
 1.0 10.96085
 1.0 11.94644
 2.0 11.51973
 1.0 10.27471
 1.0 9.11185
 2.0 8.98347
 1.0 8.7678
 1.0 7.47864
 1.0 7.63602
 1.0 6.60088
 1.0 5.21976
 1.0 5.58041
 1.0 4.585
 1.0 2.92828
 1.0 2.49256
 1.0 2.91689
 1.0 4.31268
 1.0 5.20859
 1.0 4.98171
 1.0 6.28924
 1.0 6.58699
 1.0 8.02077
 1.0 8.97884
 1.0 8.76084
 1.0 7.46974
 1.0 7.8739
 1.0 4.31136
 1.0 13.51935
 1.0 13.02377
 2.0 14.30263
 1.0 14.80774
 1.0 13.86127
 1.0 12.53791
 1.0 13.94162
 1.0 15.1417
 1.0 14.80549
 1.0 16.13418
 1.0 16.01406
 1.0 15.14153
 1.0 13.71803
 1.0 13.86027
 1.0 12.53924
 1.0 11.94086
 1.0 13.03144
 1.0 12.70343
 1.0 10.27146
 1.0 10.08145
 1.0 9.96891
 1.0 8.76875
 1.0 8.99119
 1.0 8.03494
 1.0 6.6013
 1.0 6.77744
 1.0 5.58191
 1.0 4.59106
 1.0 3.53679
 1.0 2.92926
 1.0 2.49371
 1.0 3.84331
 1.0 4.98507
 1.0 5.215
 1.0 6.59417
 1.0 6.7635
 1.0 8.26068
 1.0 9.10973
 1.0 8.98287
 1.0 7.62804
 1.0 7.47309
 1.0 7.62657
 1.0 6.58909
 1.0 5.20858
 2.0 4.31137
 2.0 4.57528
 3.0 4.31587
 1.0 2.92256
 2.0 2.49141
 1.0 14.80512
 1.0 14.3003
 1.0 15.62379
 1.0 16.13522
 1.0 15.22042
 1.0 13.85887
 1.0 14.16033
 1.0 15.14024
 1.0 16.39471
 2.0 16.13315
 1.0 17.49415
 1.0 17.42826
 1.0 16.5831
 1.0 15.14134
 1.0 15.21932
 1.0 13.85987
 1.0 13.26328
 1.0 14.30787
 1.0 13.95496
 1.0 12.70474
 3.0 11.51732
 1.0 11.41675
 1.0 11.24931
 1.0 9.97003
 1.0 10.09027
 1.0 8.99304
 1.0 7.63784
 1.0 7.89012
 1.0 6.77663
 1.0 5.5844
 1.0 4.58927
 1.0 4.32171
 1.0 3.84187
 1.0 4.98731
 1.0 6.29369
 1.0 6.59586
 1.0 8.02805
 1.0 8.26136
 1.0 9.76736
 2.0 10.56932
 1.0 10.3861
 1.0 8.9838
 1.0 8.76466
 2.0 8.98255
 1.0 8.02353
 1.0 6.59036
 1.0 5.77327
 2.0 6.10128
 1.0 5.77664
 1.0 3.84037
 1.0 15.84017
 1.0 15.42027
 1.0 16.70161
 1.0 17.13534
 1.0 14.80325
 1.0 15.13675
 1.0 16.20155
 1.0 17.42395
 1.0 17.13307
 1.0 18.4622
 1.0 18.35778
 1.0 17.42428
 1.0 16.01025
 1.0 16.13212
 1.0 14.80455
 1.0 15.428
 1.0 15.15324
 1.0 13.95536
 1.0 12.70168
 1.0 12.54919
 1.0 12.4603
 1.0 11.2503
 1.0 11.42599
 1.0 10.39569
 1.0 8.99305
 1.0 9.12435
 1.0 7.89083
 1.0 6.78114
 1.0 5.58591
 1.0 5.22033
 1.0 4.32173
 1.0 5.22036
 1.0 6.59841
 1.0 7.21742
 1.0 8.63626
 2.0 8.76433
 1.0 10.27202
 1.0 10.96746
 1.0 10.86359
 1.0 9.45016
 1.0 8.98659
 1.0 9.1137
 1.0 8.2637
 1.0 6.76679
 1.0 6.76594
 1.0 6.59414
 1.0 5.2139
 1.0 2.92066
 1.0 15.41379
 1.0 15.13657
 1.0 16.39233
 1.0 16.69513
 1.0 15.6158
 1.0 14.29274
 1.0 14.58467
 1.0 15.73577
 1.0 16.9454
 1.0 16.6928
 1.0 18.01079
 1.0 17.94712
 1.0 16.9459
 1.0 15.53892
 1.0 15.61473
 1.0 14.2941
 1.0 13.94163
 1.0 15.14445
 1.0 15.02029
 1.0 13.86767
 1.0 12.54432
 1.0 12.45249
 1.0 12.54985
 1.0 11.4182
 1.0 11.79053
 1.0 10.86739
 1.0 9.45365
 1.0 9.65977
 1.0 8.41366
 1.0 7.4883
 1.0 6.30557
 1.0 5.58143
 1.0 4.58747
 1.0 5.58394
 1.0 6.77502
 1.0 7.48238
 1.0 8.77003
 1.0 8.63046
 1.0 10.08064
 1.0 10.86051
 1.0 10.96998
 1.0 9.65346
 1.0 9.11644
 1.0 8.98626
 1.0 8.0263
 1.0 6.59416
 1.0 5.77568
 1.0 6.59161
 1.0 6.76841
 1.0 5.57392
 2.0 4.58135
 1.0 3.52889
 1.0 2.92445
 1.0 15.23489
 1.0 15.00607
 1.0 16.31912
 1.0 16.57658
 1.0 15.53965
 1.0 14.15526
 1.0 14.2879
 1.0 15.41038
 1.0 16.68999
 1.0 16.57457
 1.0 17.94435
 1.0 18.0102
 1.0 17.05851
 1.0 15.61209
 1.0 15.5384
 1.0 14.15604
 1.0 13.85608
 2.0 15.01384
 1.0 14.94054
 1.0 13.7249
 1.0 12.44916
 1.0 12.54367
 1.0 12.70125
 2.0 11.95131
 1.0 10.97122
 1.0 9.6543
 1.0 10.08972
 1.0 8.99151
 1.0 8.03632
 1.0 7.05935
 1.0 6.2994
 1.0 5.58044
 1.0 6.77747
 1.0 7.88662
 1.0 8.40904
 1.0 9.65316
 1.0 9.44515
 1.0 10.85769
 1.0 11.78466
 1.0 11.95017
 1.0 10.68202
 1.0 10.27608
 1.0 10.08477
 1.0 8.98409
 1.0 7.63094
 1.0 7.20929
 1.0 7.47529
 1.0 6.29187
 1.0 5.57442
 1.0 2.92352
 1.0 14.99942
 1.0 14.92382
 1.0 16.19524
 2.0 16.3125
 1.0 15.20731
 1.0 13.84647
 1.0 13.92632
 1.0 15.1265
 1.0 16.38033
 1.0 16.31046
 1.0 17.65623
 1.0 17.76698
 1.0 16.75583
 1.0 15.33213
 1.0 15.20604
 1.0 13.84728
 1.0 13.71137
 1.0 14.93163
 1.0 13.86147
 1.0 12.53858
 1.0 12.69382
 1.0 13.02953
 1.0 11.94411
 1.0 12.55007
 1.0 11.68779
 1.0 10.38793
 1.0 10.86586
 1.0 9.77644
 2.0 8.99335
 1.0 8.03736
 1.0 7.0562
 1.0 6.30205
 1.0 7.48795
 1.0 8.41235
 1.0 8.98966
 1.0 10.08559
 2.0 9.64827
 1.0 10.96364
 1.0 11.94784
 1.0 12.30189
 2.0 11.14434
 1.0 10.68436
 1.0 10.27634
 1.0 9.11337
 1.0 7.88237
 1.0 6.76677
 1.0 7.47343
 2.0 8.02594
 1.0 7.0483
 1.0 6.29452
 1.0 5.57591
 1.0 4.57953
 2.0 3.52575
 1.0 2.91876
 1.0 5.20803
 1.0 5.56943
 1.0 15.02353
 1.0 14.9998
 1.0 16.3817
 1.0 15.33286
 1.0 13.92913
 1.0 13.84127
 1.0 14.9961
 1.0 16.30741
 1.0 16.38001
 1.0 17.76402
 1.0 18.00391
 1.0 17.05268
 1.0 15.60643
 1.0 15.33142
 1.0 13.92933
 1.0 13.85028
 1.0 15.00738
 1.0 15.14044
 1.0 13.94303
 1.0 12.69033
 1.0 13.02379
 1.0 13.4089
 1.0 12.29398
 1.0 12.94328
 1.0 12.04487
 1.0 10.86048
 2.0 11.52237
 1.0 10.5756
 1.0 9.77728
 1.0 8.03287
 1.0 7.4846
 1.0 8.77668
 1.0 9.65777
 1.0 10.08697
 1.0 10.67811
 1.0 11.94481
 1.0 13.03401
 1.0 13.41676
 1.0 12.30121
 1.0 11.95202
 1.0 11.52214
 2.0 10.27389
 2.0 9.11521
 1.0 7.87954
 1.0 8.40141
 1.0 8.02524
 1.0 7.47752
 1.0 6.77004
 1.0 5.57292
 1.0 4.58014
 1.0 3.5226
 1.0 4.57347
 1.0 6.28878
 1.0 5.56993
 1.0 14.99315
 1.0 15.12413
 2.0 16.37916
 1.0 16.30589
 1.0 15.2015
 1.0 13.84129
 1.0 13.69621
 1.0 14.9138
 1.0 16.18327
 1.0 16.30419
 1.0 17.64966
 2.0 17.93449
 1.0 16.93417
 1.0 15.52755
 1.0 15.20004
 2.0 13.84149
 1.0 13.93012
 1.0 15.13165
 1.0 15.41543
 1.0 14.29624
 1.0 13.01868
 1.0 13.40208
 1.0 13.94462
 1.0 12.93685
 1.0 13.72611
 1.0 12.94306
 1.0 11.78392
 1.0 12.4594
 1.0 11.5231
 1.0 10.86738
 1.0 10.09219
 1.0 8.9912
 1.0 8.41432
 1.0 9.66295
 1.0 10.39464
 1.0 10.86535
 1.0 11.78723
 1.0 11.14035
 1.0 12.29624
 1.0 13.41511
 1.0 13.95516
 1.0 12.94672
 1.0 12.55451
 1.0 11.95271
 1.0 10.68175
 2.0 9.65374
 1.0 8.4044
 1.0 9.76904
 1.0 8.98346
 1.0 8.40638
 1.0 7.88306
 1.0 6.76799
 1.0 5.57393
 1.0 4.5759
 1.0 5.56695
 1.0 7.47232
 1.0 6.76471
 4.0 6.29053
 1.0 15.22253
 1.0 15.40194
 1.0 16.6822
 1.0 16.56355
 1.0 15.52826
 1.0 14.14511
 1.0 13.83588
 1.0 14.99001
 1.0 16.30096
 1.0 16.56222
 1.0 17.9314
 1.0 18.33925
 1.0 17.40716
 1.0 15.99368
 1.0 15.52666
 1.0 14.14471
 1.0 14.2858
 1.0 15.40914
 1.0 15.73721
 1.0 14.58963
 1.0 13.39856
 1.0 13.93946
 1.0 14.51514
 1.0 13.49257
 1.0 14.30515
 1.0 13.4983
 1.0 12.45426
 1.0 13.27184
 1.0 12.46007
 1.0 11.79075
 1.0 11.1508
 1.0 10.08889
 1.0 9.65978
 1.0 10.97908
 1.0 11.69446
 1.0 12.04972
 1.0 12.94693
 1.0 12.29827
 1.0 13.41199
 1.0 14.60502
 1.0 15.15343
 1.0 14.1756
 1.0 13.87508
 1.0 13.2752
 1.0 11.95015
 1.0 10.97073
 1.0 9.65085
 1.0 10.08006
 1.0 10.85894
 1.0 10.08144
 1.0 9.65228
 1.0 9.1155
 1.0 7.88023
 1.0 6.76923
 1.0 5.57094
 1.0 6.28702
 1.0 7.47046
 1.0 8.40076
 3.0 7.47417
 1.0 15.39548
 1.0 15.72171
 1.0 16.93169
 1.0 16.67574
 1.0 15.59881
 1.0 14.27767
 1.0 13.91561
 1.0 15.11443
 1.0 16.3675
 1.0 16.67442
 1.0 17.99145
 1.0 18.44019
 1.0 17.46965
 1.0 16.11053
 1.0 15.59721
 1.0 14.27728
 1.0 14.57769
 1.0 15.72877
 1.0 16.19474
 1.0 15.13403
 1.0 13.93449
 1.0 14.50904
 1.0 15.21678
 1.0 14.29954
 1.0 15.22241
 1.0 14.52085
 1.0 13.49913
 1.0 14.31155
 1.0 13.50552
 1.0 12.95121
 1.0 12.30932
 1.0 11.14932
 1.0 10.69111
 1.0 11.96201
 1.0 12.5596
 1.0 12.95036
 1.0 13.73217
 1.0 12.94372
 1.0 13.95018
 1.0 15.15234
 1.0 15.82942
 1.0 14.94833
 1.0 14.61129
 1.0 13.87608
 1.0 12.55229
 1.0 11.69066
 1.0 10.38715
 1.0 10.85818
 1.0 11.78416
 1.0 11.14183
 1.0 10.68305
 1.0 10.27659
 1.0 9.11336
 1.0 7.88166
 1.0 6.76554
 1.0 7.47048
 1.0 8.76051
 1.0 9.64711
 2.0 8.98191
 2.0 8.7643
 1.0 15.8164
 1.0 16.18207
 1.0 17.40425
 1.0 17.11013
 1.0 16.11121
 1.0 14.78382
 1.0 14.27222
 1.0 15.39259
 1.0 16.67109
 1.0 17.10917
 1.0 18.43703
 1.0 18.99814
 1.0 18.10078
 1.0 16.74662
 1.0 16.10949
 1.0 14.78288
 1.0 15.12454
 1.0 16.18876
 1.0 16.68835
 1.0 15.61155
 1.0 14.5056
 1.0 15.21223
 1.0 15.9372
 1.0 15.01235
 1.0 15.9424
 1.0 15.22313
 1.0 14.30669
 1.0 15.22933
 1.0 14.5285
 1.0 13.95932
 1.0 13.4244
 1.0 12.30684
 1.0 11.95899
 1.0 13.28399
 1.0 13.88029
 1.0 14.17952
 1.0 14.9487
 1.0 14.17345
 1.0 15.14921
 1.0 16.40554
 1.0 17.07798
 1.0 16.21696
 1.0 15.95615
 1.0 15.23536
 1.0 13.87347
 1.0 13.03997
 1.0 11.6878
 1.0 12.04349
 1.0 12.94435
 1.0 12.29961
 1.0 9.1149
 2.0 7.87884
 1.0 8.39945
 1.0 9.64538
 1.0 10.67759
 1.0 10.27119
 1.0 10.08062
 1.0 9.96556
 1.0 14.77967
 1.0 15.11846
 1.0 16.37257
 1.0 16.10843
 1.0 15.19715
 1.0 13.83812
 1.0 13.23237
 1.0 14.27143
 1.0 15.59239
 1.0 16.10776
 1.0 17.46757
 1.0 18.10138
 1.0 17.29237
 1.0 15.91778
 1.0 15.19533
 1.0 13.83671
 1.0 14.1455
 1.0 15.12488
 1.0 15.608
 1.0 14.50406
 1.0 13.48024
 1.0 14.29179
 1.0 15.00866
 1.0 14.07766
 1.0 15.01307
 1.0 14.30105
 1.0 13.49501
 1.0 14.52237
 1.0 13.95355
 1.0 13.41755
 1.0 13.03994
 1.0 11.95223
 1.0 11.79288
 1.0 13.19288
 1.0 13.73682
 1.0 13.87226
 1.0 14.60461
 1.0 13.86706
 1.0 14.81072
 1.0 16.14105
 1.0 16.77712
 1.0 15.94847
 1.0 15.83098
 1.0 15.15616
 1.0 13.73075
 1.0 12.94821
 1.0 11.519
 1.0 11.68207
 1.0 12.54651
 1.0 11.94548
 1.0 11.78581
 1.0 11.41892
 1.0 10.08172
 1.0 7.62837
 1.0 7.8746
 1.0 10.07952
 1.0 9.96333
 2.0 10.08061
 2.0 8.9819
 1.0 7.62726
 1.0 14.60001
 1.0 14.78621
 1.0 16.11495
 1.0 15.99279
 1.0 15.1251
 1.0 13.70171
 1.0 13.14913
 1.0 14.14039
 1.0 15.52325
 1.0 15.99211
 1.0 17.40619
 1.0 17.99885
 1.0 17.2294
 1.0 15.79968
 1.0 15.12327
 1.0 13.70029
 1.0 13.8449
 1.0 14.79279
 1.0 15.1333
 1.0 13.93567
 1.0 12.92593
 1.0 13.71339
 1.0 14.29702
 1.0 13.25741
 1.0 14.08238
 1.0 13.26179
 1.0 13.49872
 1.0 12.94392
 1.0 12.30073
 1.0 11.95176
 1.0 10.96894
 1.0 10.8656
 1.0 12.30752
 1.0 12.9495
 1.0 13.03462
 1.0 13.86805
 1.0 13.26578
 1.0 14.30417
 1.0 15.62751
 1.0 16.14001
 1.0 15.22568
 1.0 15.15305
 1.0 14.6069
 1.0 13.1815
 1.0 12.30097
 1.0 10.85869
 1.0 10.96184
 1.0 11.68112
 1.0 10.96235
 1.0 10.8592
 1.0 10.38526
 1.0 8.02628
 1.0 6.76184
 1.0 7.87319
 1.0 9.10757
 1.0 8.97974
 1.0 8.76081
 2.0 8.98036
 1.0 8.02247
 1.0 6.58907
 1.0 5.77373
 1.0 15.99434
 1.0 16.117
 1.0 17.47783
 1.0 17.40935
 1.0 16.56893
 1.0 15.12748
 1.0 14.57522
 1.0 15.52573
 1.0 16.933
 1.0 17.40872
 1.0 18.84009
 1.0 19.42917
 1.0 18.67673
 1.0 17.23196
 1.0 16.5671
 1.0 15.12601
 1.0 15.20697
 1.0 16.12355
 1.0 16.38999
 1.0 15.13805
 1.0 14.15878
 1.0 14.9335
 1.0 15.42154
 1.0 14.30108
 1.0 15.01807
 1.0 14.0871
 1.0 13.26681
 1.0 14.31038
 1.0 13.73157
 1.0 12.94842
 1.0 12.55538
 1.0 11.6897
 1.0 11.52528
 1.0 12.95402
 1.0 13.73603
 1.0 13.87248
 1.0 14.81636
 1.0 14.30788
 1.0 15.42729
 1.0 16.70843
 1.0 17.14393
 1.0 16.14243
 1.0 16.0255
 1.0 15.5598
 1.0 14.17522
 1.0 13.18489
 2.0 11.78465
 1.0 11.94503
 1.0 12.54696
 1.0 11.68304
 1.0 11.51924
 1.0 10.86126
 1.0 9.44601
 1.0 8.63302
 1.0 7.21085
 1.0 8.39911
 1.0 9.64682
 1.0 9.44425
 1.0 8.98068
 1.0 9.11001
 1.0 8.26167
 1.0 16.95598
 1.0 17.11787
 1.0 18.4469
 1.0 18.33907
 1.0 17.41001
 1.0 15.9961
 1.0 15.52432
 1.0 16.5612
 1.0 17.93014
 1.0 18.33817
 1.0 19.74113
 1.0 20.26617
 1.0 19.42648
 1.0 17.99931
 1.0 17.40826
 1.0 15.99506
 1.0 16.12081
 2.0 17.12468
 1.0 17.42127
 1.0 16.20175
 1.0 15.13769
 1.0 15.81612
 1.0 16.32627
 1.0 15.22188
 1.0 15.9471
 1.0 15.0225
 2.0 14.09185
 1.0 15.0275
 1.0 14.31564
 1.0 13.50943
 1.0 12.95466
 1.0 12.05228
 1.0 11.69544
 1.0 13.04703
 1.0 13.87951
 1.0 14.17974
 1.0 15.15546
 1.0 14.60465
 1.0 15.75201
 1.0 16.96359
 1.0 17.43815
 1.0 16.40758
 1.0 16.149
 1.0 15.6366
 1.0 14.31313
 1.0 13.27481
 1.0 11.94948
 1.0 12.2985
 1.0 12.94479
 1.0 12.04512
 1.0 11.68876
 1.0 10.97048
 1.0 9.65143
 2.0 8.76813
 1.0 7.47569
 1.0 8.02354
 1.0 8.981
 1.0 10.08119
 1.0 9.64913
 1.0 9.11154
 1.0 8.02526
 2.0 6.59204
 1.0 3.83892
 1.0 16.56405
 1.0 16.68336
 1.0 18.00173
 1.0 17.93447
 1.0 16.93695
 1.0 15.52951
 1.0 15.19712
 1.0 16.30299
 1.0 17.64823
 1.0 17.93324
 1.0 19.32565
 1.0 19.74409
 1.0 18.83981
 1.0 17.40906
 1.0 16.93532
 1.0 15.52897
 1.0 15.60891
 1.0 16.69051
 1.0 16.94903
 1.0 15.74214
 1.0 14.59135
 1.0 15.141
 1.0 15.62381
 1.0 14.51935
 1.0 15.22734
 1.0 14.31039
 1.0 13.27123
 1.0 14.09659
 1.0 13.27626
 1.0 12.46499
 1.0 11.79526
 1.0 10.86768
 1.0 10.39547
 1.0 11.6983
 1.0 12.55875
 1.0 12.95061
 1.0 13.95697
 1.0 13.41451
 1.0 14.60256
 1.0 15.75485
 1.0 16.21734
 1.0 15.15492
 1.0 14.82164
 1.0 14.31547
 1.0 13.03658
 1.0 11.95205
 1.0 10.68073
 1.0 11.14036
 1.0 10.86025
 1.0 10.3885
 2.0 8.4054
 1.0 7.47792
 1.0 6.29146
 1.0 7.04517
 1.0 8.02318
 1.0 8.40276
 1.0 7.62911
 1.0 5.21177
 1.0 17.67091
 1.0 17.82709
 1.0 19.10714
 1.0 19.00232
 1.0 16.56524
 1.0 16.30113
 1.0 17.47052
 1.0 18.77313
 1.0 19.00087
 1.0 20.35808
 1.0 20.71862
 1.0 19.74115
 1.0 18.33895
 1.0 17.93295
 1.0 16.56508
 1.0 16.68754
 1.0 17.83441
 1.0 18.1203
 1.0 16.95164
 1.0 15.74145
 1.0 16.20485
 1.0 16.70429
 1.0 15.627
 1.0 16.33544
 1.0 15.43448
 1.0 14.31448
 1.0 15.03196
 1.0 14.10134
 1.0 13.28254
 1.0 12.47081
 1.0 11.52917
 1.0 10.87308
 1.0 12.06132
 1.0 12.95729
 1.0 13.51091
 1.0 14.53161
 1.0 13.9548
 1.0 15.15145
 1.0 16.2177
 1.0 16.71478
 1.0 15.6368
 1.0 15.16118
 1.0 14.61286
 1.0 13.4197
 1.0 12.306
 1.0 11.14438
 1.0 11.7849
 1.0 12.45899
 1.0 11.52144
 1.0 10.86564
 1.0 10.08892
 1.0 8.98782
 1.0 8.02979
 1.0 7.04834
 1.0 8.02424
 1.0 8.98286
 1.0 9.77049
 1.0 8.98472
 2.0 7.88167
 1.0 6.76843
 1.0 5.57394
 1.0 4.57894
 2.0 2.4914
 1.0 17.81761
 1.0 18.10162
 1.0 19.3229
 1.0 19.09771
 1.0 17.99329
 1.0 16.67625
 1.0 16.36631
 1.0 17.57471
 1.0 18.82828
 1.0 19.09627
 1.0 20.40854
 1.0 20.80575
 1.0 19.79417
 1.0 18.43883
 1.0 17.99176
 1.0 16.67608
 1.0 16.93579
 1.0 18.10883
 1.0 18.51664
 1.0 17.41999
 1.0 16.19782
 1.0 16.69533
 1.0 17.31553
 1.0 16.32694
 1.0 17.14263
 1.0 16.33457
 1.0 15.2308
 1.0 15.95617
 1.0 15.03214
 1.0 14.32185
 1.0 13.51624
 1.0 12.46724
 1.0 11.79883
 1.0 12.96264
 1.0 13.74315
 1.0 14.31955
 1.0 15.23484
 2.0 14.52626
 1.0 15.62915
 1.0 16.71179
 1.0 17.32949
 1.0 16.34022
 1.0 15.83771
 1.0 15.16081
 1.0 13.95838
 1.0 12.95192
 1.0 11.78751
 1.0 12.45631
 1.0 13.2725
 1.0 12.45943
 1.0 11.7908
 1.0 11.14935
 1.0 10.08643
 2.0 8.98752
 1.0 8.02563
 1.0 8.98071
 1.0 10.08037
 1.0 10.86026
 1.0 10.08313
 1.0 9.65172
 1.0 6.76924
 1.0 5.57344
 1.0 4.57954
 1.0 3.52417
 2.0 2.91778
 1.0 16.57635
 1.0 16.92644
 1.0 18.09842
 1.0 17.81498
 1.0 16.67243
 2.0 15.3937
 1.0 15.10931
 1.0 16.36274
 1.0 17.57031
 1.0 17.81344
 1.0 19.09194
 1.0 19.47593
 1.0 18.43404
 1.0 17.10709
 1.0 16.67095
 1.0 15.72315
 1.0 16.93365
 1.0 17.41284
 1.0 16.38457
 1.0 15.13074
 1.0 15.61227
 1.0 16.32066
 1.0 15.41956
 1.0 16.32761
 1.0 15.62679
 1.0 14.52316
 1.0 15.23099
 1.0 14.31487
 1.0 13.73764
 1.0 12.95617
 1.0 11.79291
 1.0 11.15434
 1.0 12.31569
 1.0 12.95619
 1.0 13.50842
 1.0 14.31332
 1.0 13.5002
 1.0 14.52089
 1.0 15.63039
 1.0 16.33614
 1.0 15.43433
 1.0 14.95357
 1.0 14.18054
 1.0 12.94739
 1.0 12.05023
 1.0 10.86104
 1.0 11.51589
 1.0 12.45608
 1.0 11.78513
 1.0 11.14585
 1.0 10.68515
 1.0 9.65173
 1.0 8.40542
 1.0 7.47272
 1.0 8.39781
 1.0 9.6451
 1.0 10.38288
 1.0 9.44632
 1.0 8.98471
 1.0 7.62984
 1.0 5.2123
 1.0 4.31652
 2.0 2.48914
 1.0 16.36817
 1.0 16.67622
 1.0 17.82166
 1.0 17.57788
 1.0 16.37073
 1.0 15.11721
 1.0 14.98374
 1.0 16.29517
 1.0 17.4634
 1.0 17.576
 1.0 18.82979
 1.0 19.09747
 1.0 17.99024
 1.0 16.67428
 1.0 16.36939
 1.0 15.11776
 1.0 15.40287
 1.0 16.6837
 1.0 16.12595
 1.0 14.79746
 1.0 15.13643
 1.0 15.81735
 1.0 14.93758
 1.0 15.82452
 1.0 15.15142
 1.0 13.95417
 1.0 14.53006
 1.0 13.50863
 1.0 12.95509
 1.0 12.05828
 1.0 10.86999
 1.0 10.0961
 1.0 11.15933
 2.0 11.79741
 1.0 12.46479
 1.0 13.27502
 1.0 12.4561
 1.0 13.49877
 1.0 15.23266
 1.0 14.31528
 1.0 13.73829
 1.0 12.95213
 1.0 11.78822
 1.0 10.86617
 1.0 9.77165
 1.0 11.51975
 1.0 10.86205
 1.0 10.08727
 1.0 9.65605
 1.0 7.47756
 2.0 6.76474
 1.0 7.87463
 1.0 9.10881
 1.0 9.64828
 1.0 8.63174
 1.0 8.02734
 1.0 6.59373
 1.0 5.77856
 1.0 4.31717
 1.0 2.49251
 1.0 3.83888
 4.0 4.98165
 3.0 5.2096
 1.0 16.20971
 1.0 17.58891
 1.0 17.47562
 1.0 16.30761
 1.0 14.99614
 1.0 14.91382
 1.0 16.18394
 1.0 17.4052
 1.0 17.47372
 1.0 18.77655
 1.0 19.00411
 1.0 17.93359
 1.0 16.56543
 1.0 16.30626
 1.0 14.9967
 1.0 15.13094
 1.0 16.38679
 1.0 16.69666
 1.0 15.62008
 1.0 14.29781
 1.0 14.59517
 1.0 15.14723
 1.0 14.17054
 1.0 14.94761
 1.0 14.17758
 1.0 12.94909
 1.0 13.51007
 1.0 12.46613
 1.0 11.79739
 1.0 10.8751
 1.0 9.7816
 1.0 8.99867
 1.0 10.10024
 1.0 10.87385
 1.0 11.52869
 1.0 12.46368
 1.0 11.78681
 1.0 12.94483
 1.0 13.9572
 1.0 14.53162
 1.0 13.50886
 1.0 12.95471
 1.0 12.30848
 1.0 11.14737
 1.0 10.08977
 1.0 8.98753
 1.0 9.77106
 1.0 10.57405
 1.0 9.77362
 2.0 8.9903
 1.0 8.41104
 1.0 7.47978
 1.0 6.29589
 1.0 5.57196
 1.0 7.87815
 1.0 8.40409
 1.0 7.47606
 1.0 7.21239
 1.0 6.59457
 1.0 4.31846
 1.0 2.92447
 1.0 2.49475
 1.0 1.52783
 1.0 2.92062
 1.0 4.31454
 1.0 5.21014
 1.0 16.1896
 1.0 16.31183
 1.0 17.48244
 1.0 17.413
 1.0 16.19185
 1.0 14.92163
 1.0 14.995
 1.0 16.30706
 1.0 17.47576
 1.0 17.41078
 1.0 18.67684
 1.0 18.78202
 1.0 17.65376
 1.0 16.30949
 1.0 16.19065
 1.0 14.92275
 1.0 15.00611
 1.0 16.31966
 1.0 16.58413
 1.0 15.54947
 1.0 14.16546
 1.0 14.30364
 1.0 14.81452
 1.0 13.8701
 1.0 14.61036
 1.0 13.8773
 1.0 12.55718
 1.0 12.95641
 1.0 11.15782
 1.0 10.10022
 1.0 8.99836
 1.0 8.04331
 1.0 9.00424
 1.0 9.78589
 1.0 10.58353
 1.0 11.52846
 1.0 10.86438
 1.0 12.04724
 1.0 12.95042
 1.0 13.51072
 1.0 12.46615
 1.0 11.79673
 1.0 11.15237
 1.0 10.0895
 1.0 8.99311
 1.0 8.03154
 1.0 9.77591
 1.0 8.03464
 1.0 7.48462
 1.0 6.77336
 1.0 5.57746
 1.0 5.21286
 1.0 6.59206
 1.0 7.62985
 1.0 7.88168
 1.0 6.76926
 1.0 6.59542
 1.0 5.78002
 1.0 3.84399
 1.0 2.49587
 1.0 2.9254
 1.0 2.49361
 1.0 3.84105
 2.0 4.31519
 1.0 5.77611
 2.0 6.59199
 1.0 6.29007
 1.0 6.59116
 1.0 15.02042
 1.0 15.2024
 1.0 16.30998
 1.0 16.18843
 1.0 14.91942
 1.0 13.70129
 1.0 13.83787
 1.0 15.19838
 1.0 16.30385
 1.0 16.18603
 1.0 17.40746
 1.0 17.47566
 1.0 16.30526
 1.0 14.99543
 1.0 14.91831
 1.0 13.70271
 1.0 13.84851
 1.0 15.21025
 1.0 15.5427
 1.0 14.59403
 1.0 13.16934
 1.0 13.25914
 1.0 13.86391
 1.0 13.02978
 1.0 13.87031
 1.0 13.27251
 1.0 11.95111
 1.0 12.30666
 1.0 11.15036
 1.0 10.6914
 1.0 9.66384
 1.0 8.41502
 1.0 7.49021
 1.0 8.42164
 1.0 8.99743
 1.0 9.77961
 1.0 10.57722
 1.0 9.77137
 1.0 10.85926
 1.0 11.78729
 1.0 12.46191
 1.0 11.52484
 1.0 10.86924
 1.0 10.09032
 1.0 8.98877
 1.0 8.03327
 1.0 7.05151
 1.0 8.02702
 1.0 8.98691
 1.0 8.40708
 1.0 7.48091
 1.0 7.21703
 1.0 6.59543
 1.0 5.21394
 1.0 4.98059
 1.0 6.28705
 1.0 7.47198
 1.0 7.62768
 1.0 6.59122
 1.0 6.76596
 1.0 6.10311
 1.0 4.57711
 1.0 2.9216
 1.0 3.52414
 1.0 4.31583
 1.0 4.57706
 3.0 6.10306
 1.0 6.7659
 1.0 6.59031
 1.0 7.20888
 1.0 13.70211
 1.0 13.84431
 1.0 15.00078
 1.0 14.92166
 1.0 13.70536
 1.0 12.43028
 1.0 12.5196
 1.0 14.99596
 1.0 14.91943
 1.0 16.18915
 1.0 16.30969
 1.0 15.20283
 1.0 13.84395
 1.0 13.70416
 1.0 12.4314
 1.0 12.52869
 1.0 13.85212
 1.0 14.1604
 1.0 13.1702
 1.0 11.77104
 1.0 11.93605
 1.0 12.54129
 1.0 11.67835
 1.0 12.54615
 1.0 11.94625
 1.0 10.67893
 1.0 11.14439
 1.0 10.08619
 1.0 9.65607
 1.0 8.77386
 1.0 7.48241
 1.0 6.77749
 1.0 7.89227
 1.0 8.41304
 1.0 8.98939
 1.0 9.77279
 1.0 8.98321
 1.0 10.07985
 1.0 11.14239
 1.0 11.78658
 1.0 10.86208
 1.0 10.3904
 1.0 9.65492
 1.0 8.40643
 1.0 7.47981
 1.0 6.29325
 1.0 7.04677
 1.0 8.02564
 1.0 7.4746
 1.0 6.76845
 1.0 6.59375
 1.0 5.77523
 1.0 4.31463
 1.0 3.83389
 1.0 4.97615
 1.0 6.2844
 1.0 6.58702
 1.0 5.77138
 1.0 6.09766
 1.0 5.77136
 1.0 4.31009
 1.0 3.83458
 1.0 2.48582
 1.0 2.48913
 1.0 3.83887
 2.0 4.31582
 1.0 5.77707
 1.0 5.77419
 1.0 6.58947
 1.0 13.74139
 1.0 13.71444
 1.0 14.93391
 1.0 15.01038
 1.0 13.85673
 1.0 12.53399
 1.0 12.68424
 1.0 13.93629
 1.0 15.13589
 1.0 15.00816
 1.0 16.31952
 1.0 16.39157
 1.0 15.34014
 1.0 13.93793
 1.0 13.85553
 1.0 12.53509
 1.0 12.44588
 1.0 13.72233
 1.0 13.86654
 1.0 12.792
 1.0 11.41292
 1.0 11.51546
 1.0 11.94837
 1.0 10.9675
 1.0 11.68977
 1.0 10.9718
 1.0 9.65523
 1.0 10.09034
 1.0 8.99251
 1.0 8.41405
 1.0 7.48689
 1.0 6.3021
 1.0 5.58397
 1.0 6.77998
 1.0 7.48578
 1.0 8.03432
 1.0 8.99034
 1.0 8.40678
 1.0 9.65177
 1.0 10.68363
 1.0 11.1469
 1.0 10.08676
 1.0 9.65581
 2.0 9.11861
 1.0 7.88453
 1.0 6.77299
 1.0 5.57648
 1.0 6.29502
 1.0 7.05152
 1.0 6.29414
 1.0 5.57548
 1.0 5.21396
 1.0 4.31593
 1.0 2.92358
 1.0 2.48924
 1.0 3.83825
 1.0 4.98062
 1.0 5.20969
 1.0 4.31207
 1.0 4.57168
 1.0 4.30817
 1.0 2.91307
 1.0 2.48361
 1.0 1.51689
 1.0 2.92061
 1.0 5.21278
 1.0 6.59366
 1.0 6.76836
 2.0 6.76509
 1.0 5.56792
 1.0 12.53666
 1.0 12.44367
 1.0 13.71993
 1.0 13.86035
 1.0 12.7853
 1.0 11.40589
 1.0 11.50437
 1.0 12.68951
 1.0 13.94151
 1.0 13.85835
 1.0 15.2185
 1.0 15.34595
 1.0 14.38025
 1.0 12.93309
 1.0 12.784
 1.0 11.40662
 1.0 11.23805
 1.0 12.45147
 1.0 12.54707
 1.0 11.41538
 1.0 10.07907
 1.0 10.27021
 1.0 10.67925
 1.0 9.64894
 1.0 10.38644
 1.0 9.65095
 1.0 8.40483
 1.0 8.98697
 1.0 8.0295
 1.0 7.4791
 1.0 6.77137
 1.0 5.5765
 1.0 5.21717
 1.0 6.59842
 1.0 7.21592
 1.0 7.47835
 1.0 8.40613
 1.0 7.88031
 1.0 9.11283
 1.0 10.27423
 1.0 10.68104
 1.0 9.64948
 1.0 9.44784
 1.0 8.98661
 1.0 7.6317
 1.0 6.59504
 1.0 5.21395
 1.0 5.57299
 1.0 6.29106
 1.0 5.56901
 1.0 5.2097
 1.0 4.97839
 1.0 3.83247
 1.0 2.48702
 1.0 1.51517
 1.0 2.48482
 1.0 3.83104
 1.0 4.30759
 1.0 3.82958
 1.0 4.30239
 1.0 4.56377
 1.0 3.50997
 1.0 2.90733
 2.0 2.48022
 1.0 2.91396
 2.0 3.52096
 1.0 4.57644
 1.0 5.57287
 1.0 6.76835
 1.0 6.5945
 1.0 5.7761
 1.0 6.58988
 1.0 6.76386
 1.0 5.56741
 1.0 12.56506
 1.0 12.53424
 1.0 13.85776
 1.0 13.94133
 1.0 12.93396
 2.0 11.50561
 1.0 11.40078
 1.0 12.53334
 1.0 13.85535
 1.0 13.93974
 1.0 15.34306
 1.0 15.61929
 1.0 14.72469
 1.0 13.25669
 1.0 12.93246
 1.0 11.40664
 1.0 12.54177
 1.0 12.69786
 1.0 11.5138
 1.0 10.2667
 1.0 10.67483
 1.0 11.13846
 1.0 10.07825
 1.0 10.85778
 1.0 10.0799
 1.0 8.9817
 1.0 9.76999
 1.0 8.98479
 1.0 8.40481
 1.0 7.88173
 1.0 6.76931
 1.0 6.59631
 1.0 8.0305
 1.0 8.63501
 1.0 8.76628
 1.0 9.65034
 1.0 9.1116
 1.0 10.27179
 1.0 11.51882
 1.0 11.94766
 1.0 10.96471
 1.0 10.86029
 1.0 10.38772
 1.0 8.98505
 1.0 8.02738
 1.0 6.59335
 1.0 6.766
 1.0 7.47276
 1.0 6.76232
 1.0 6.58956
 1.0 6.28619
 1.0 4.97617
 1.0 3.83681
 1.0 2.4848
 1.0 2.91411
 1.0 4.30566
 1.0 5.20332
 1.0 4.97394
 1.0 5.19902
 1.0 5.55899
 1.0 4.56559
 1.0 3.50998
 1.0 2.91019
 1.0 2.91681
 1.0 4.57826
 1.0 5.57286
 1.0 5.21384
 1.0 4.31453
 1.0 5.20799
 2.0 5.5674
 1.0 4.57161
 1.0 5.56592
 1.0 6.28743
 1.0 5.5689
 1.0 13.94289
 1.0 13.86014
 1.0 15.2214
 1.0 15.34736
 1.0 14.38409
 1.0 12.93586
 1.0 12.7818
 1.0 13.85832
 1.0 15.21829
 1.0 15.34592
 1.0 16.77044
 1.0 17.06914
 1.0 16.20594
 1.0 14.72748
 1.0 14.38254
 1.0 12.93565
 1.0 12.78833
 1.0 13.86755
 1.0 13.95445
 1.0 12.70439
 1.0 11.51788
 1.0 11.94838
 1.0 12.30243
 1.0 11.14443
 1.0 11.78945
 1.0 10.86493
 1.0 9.77454
 1.0 10.57727
 1.0 9.77653
 1.0 8.99098
 1.0 8.4111
 1.0 7.48208
 1.0 7.21786
 1.0 8.63889
 1.0 9.45315
 1.0 9.65468
 1.0 10.68417
 1.0 10.27477
 1.0 11.52027
 1.0 12.70612
 1.0 13.03748
 1.0 11.94977
 1.0 11.78778
 1.0 11.42143
 1.0 10.08564
 1.0 8.98723
 1.0 7.63207
 1.0 7.88171
 1.0 8.40513
 1.0 7.475
 1.0 7.21168
 1.0 6.59126
 1.0 5.20971
 1.0 4.31788
 1.0 2.92361
 1.0 3.52585
 1.0 4.57538
 1.0 5.56953
 1.0 5.20758
 1.0 4.97506
 1.0 5.20169
 1.0 4.30626
 1.0 2.91024
 1.0 2.48251
 1.0 1.51508
 1.0 2.92156
 1.0 4.31774
 1.0 5.21436
 2.0 4.98831
 1.0 3.84321
 1.0 4.57524
 1.0 3.5194
 1.0 4.57222
 2.0 5.5684
 1.0 5.21013
 1.0 14.1996
 1.0 13.95243
 1.0 15.35675
 1.0 15.63131
 1.0 14.73838
 1.0 13.2694
 1.0 13.17861
 1.0 14.17154
 1.0 15.55485
 1.0 15.62988
 1.0 17.07691
 1.0 17.32536
 1.0 16.52171
 1.0 15.02185
 1.0 14.73687
 1.0 13.26919
 1.0 12.947
 1.0 13.9598
 1.0 13.87936
 1.0 12.55923
 1.0 11.42436
 1.0 11.79227
 1.0 11.95768
 1.0 10.68938
 1.0 11.15341
 2.0 10.09368
 1.0 8.99439
 1.0 9.7811
 1.0 8.99409
 1.0 8.0361
 1.0 7.48396
 1.0 6.77509
 1.0 6.59846
 1.0 8.03159
 1.0 8.98944
 1.0 9.11804
 1.0 10.27858
 1.0 10.08593
 1.0 11.42119
 1.0 12.55413
 1.0 12.70746
 1.0 11.52103
 1.0 11.41975
 1.0 11.25012
 1.0 9.97008
 1.0 8.76849
 2.0 7.47869
 1.0 7.63389
 1.0 7.88314
 1.0 6.76849
 1.0 6.5938
 1.0 5.77528
 1.0 4.31468
 1.0 3.84406
 1.0 2.49929
 1.0 2.93216
 1.0 3.52743
 1.0 4.57903
 1.0 4.31339
 1.0 3.83105
 1.0 4.3037
 1.0 3.82955
 1.0 2.47917
 1.0 2.91496
 1.0 3.8396
 2.0 4.31711
 1.0 5.77946
 1.0 6.59576
 1.0 6.29711
 1.0 5.21331
 1.0 5.57138
 1.0 4.57585
 1.0 6.29051
 1.0 13.27297
 1.0 12.94744
 1.0 14.39623
 1.0 14.74234
 1.0 13.95981
 1.0 12.46081
 1.0 12.30171
 1.0 13.18452
 1.0 14.60887
 1.0 14.74121
 1.0 16.2203
 1.0 16.52844
 1.0 15.83178
 1.0 14.31299
 1.0 13.95821
 1.0 12.46014
 1.0 12.05096
 1.0 12.95452
 1.0 12.80614
 1.0 11.429
 1.0 10.39525
 1.0 10.86954
 1.0 10.97691
 1.0 9.65931
 1.0 10.09232
 1.0 8.99287
 1.0 8.03403
 1.0 8.99194
 1.0 8.41047
 1.0 7.48026
 1.0 7.21404
 1.0 6.59635
 1.0 6.76808
 1.0 8.26512
 1.0 9.11467
 1.0 8.98603
 1.0 10.08567
 1.0 9.96898
 1.0 11.24987
 1.0 12.46037
 1.0 12.55193
 1.0 11.41683
 1.0 11.51859
 1.0 11.41972
 1.0 10.08508
 1.0 8.98537
 1.0 7.63169
 1.0 7.63063
 1.0 6.59085
 1.0 6.76478
 1.0 6.09771
 2.0 4.57172
 1.0 4.31657
 1.0 2.92547
 1.0 2.50043
 1.0 2.9208
 1.0 4.31341
 1.0 4.30242
 1.0 5.19741
 1.0 4.97166
 1.0 3.82663
 1.0 4.3075
 1.0 3.83238
 1.0 4.98052
 2.0 5.21011
 2.0 6.59324
 1.0 7.21231
 1.0 6.59618
 1.0 5.21383
 1.0 5.56988
 1.0 6.28829
 1.0 6.76181
 1.0 7.87597
 1.0 7.62688
 1.0 7.47303
 1.0 6.5899
 1.0 13.53317
 1.0 13.27256
 1.0 14.74179
 1.0 15.0285
 1.0 14.31649
 1.0 12.79896
 1.0 12.45858
 1.0 13.27233
 1.0 14.74084
 1.0 15.02776
 1.0 16.5281
 1.0 16.9684
 1.0 16.33823
 1.0 14.81888
 1.0 14.31474
 1.0 12.79765
 1.0 12.46194
 1.0 13.27927
 1.0 13.19341
 1.0 11.79558
 1.0 10.86877
 1.0 11.52706
 1.0 11.69457
 1.0 10.39314
 1.0 10.86804
 1.0 9.77628
 1.0 8.98947
 1.0 10.08847
 1.0 9.65499
 1.0 8.76824
 1.0 8.63312
 1.0 8.02846
 1.0 8.26511
 1.0 9.77111
 1.0 10.57305
 1.0 10.38723
 1.0 11.41999
 1.0 11.24863
 1.0 12.46036
 1.0 13.73386
 1.0 13.87255
 1.0 12.79397
 1.0 12.9455
 1.0 12.79763
 1.0 11.42019
 1.0 10.38745
 1.0 8.98597
 1.0 8.76784
 1.0 8.98414
 1.0 8.02325
 1.0 8.26174
 1.0 7.62371
 2.0 6.09772
 1.0 5.77717
 1.0 4.31787
 1.0 3.84481
 1.0 4.31342
 1.0 5.77385
 1.0 5.76468
 1.0 6.57902
 1.0 6.27998
 1.0 4.97055
 1.0 5.20271
 1.0 4.30621
 1.0 4.97941
 1.0 6.29049
 1.0 6.59239
 1.0 5.77994
 1.0 4.57341
 1.0 5.5659
 1.0 5.2048
 1.0 6.58484
 1.0 7.62324
 1.0 7.4708
 1.0 7.62543
 1.0 6.58737
 1.0 7.20657
 1.0 12.80222
 1.0 12.46328
 1.0 13.96241
 1.0 14.31998
 1.0 13.74136
 1.0 12.21536
 1.0 11.79319
 1.0 12.46438
 1.0 13.96299
 1.0 14.31959
 1.0 15.83863
 1.0 16.34487
 1.0 15.8374
 1.0 14.31823
 1.0 13.73954
 2.0 12.21354
 1.0 11.79439
 1.0 12.46954
 1.0 12.31396
 1.0 10.87339
 1.0 10.87057
 1.0 10.97617
 1.0 9.65731
 1.0 10.08849
 1.0 8.98733
 1.0 8.40619
 1.0 9.65242
 1.0 9.44819
 1.0 8.62927
 1.0 8.76188
 1.0 8.26276
 1.0 8.76278
 1.0 10.27071
 1.0 10.96648
 1.0 10.56937
 1.0 11.51932
 1.0 11.41899
 1.0 12.55322
 1.0 13.87373
 1.0 13.95443
 1.0 12.94228
 1.0 13.26877
 1.0 13.1845
 1.0 11.78702
 1.0 10.86078
 1.0 9.4481
 1.0 8.98535
 1.0 9.11068
 1.0 8.25871
 1.0 8.76056
 1.0 8.25567
 1.0 6.7582
 1.0 6.59081
 1.0 5.21181
 1.0 4.31789
 1.0 4.57175
 1.0 6.09773
 1.0 6.75903
 1.0 6.57818
 1.0 7.61457
 1.0 7.46305
 1.0 6.27775
 1.0 6.58276
 1.0 5.76652
 1.0 6.58652
 1.0 6.28565
 1.0 7.47301
 1.0 7.62758
 1.0 5.56489
 1.0 6.75933
 1.0 6.58441
 1.0 8.0176
 2.0 8.97693
 1.0 8.75983
 1.0 8.97941
 1.0 8.02037
 1.0 8.62719
 1.0 13.3071
 1.0 13.04091
 1.0 14.53357
 2.0 14.82525
 1.0 14.32193
 1.0 12.80483
 1.0 12.802
 1.0 14.3194
 1.0 16.3447
 1.0 16.97348
 1.0 16.53248
 1.0 15.03184
 1.0 14.31999
 1.0 12.80244
 1.0 12.46552
 1.0 13.04667
 1.0 12.95799
 1.0 11.53046
 1.0 10.87006
 1.0 11.79418
 1.0 11.95632
 1.0 10.68578
 1.0 11.14647
 1.0 10.08381
 1.0 9.6507
 1.0 10.96806
 1.0 10.86086
 1.0 10.07964
 1.0 10.26966
 1.0 9.76855
 1.0 10.27125
 1.0 11.78376
 1.0 12.45724
 1.0 12.04426
 1.0 12.94593
 1.0 12.79654
 1.0 13.87413
 1.0 15.23305
 1.0 15.35676
 1.0 14.38928
 1.0 14.73686
 1.0 14.60847
 1.0 13.18533
 1.0 12.30146
 1.0 10.8618
 1.0 10.38691
 1.0 10.56882
 1.0 9.76456
 1.0 10.26881
 1.0 9.76228
 1.0 8.25602
 1.0 8.02426
 1.0 6.59208
 1.0 5.77768
 1.0 6.09774
 1.0 7.62373
 1.0 8.2567
 1.0 8.01251
 1.0 8.9699
 1.0 8.75356
 1.0 7.46194
 1.0 7.61928
 1.0 6.5815
 1.0 7.20388
 1.0 6.58526
 1.0 7.62578
 1.0 7.4719
 1.0 6.29094
 1.0 4.98053
 1.0 5.20266
 1.0 6.58272
 1.0 6.75688
 1.0 8.25391
 1.0 9.10358
 1.0 9.44128
 1.0 8.62462
 1.0 9.44158
 1.0 9.64651
 2.0 14.8258
 1.0 14.5347
 1.0 16.03354
 2.0 16.34536
 1.0 15.8409
 1.0 14.3221
 1.0 13.73952
 1.0 14.32015
 1.0 15.83913
 1.0 17.86586
 1.0 18.48482
 1.0 18.03705
 1.0 16.53213
 1.0 15.83896
 1.0 14.31978
 1.0 13.96479
 1.0 14.54045
 1.0 14.40803
 1.0 12.96055
 1.0 12.31281
 1.0 13.19467
 1.0 13.28222
 1.0 11.95794
 1.0 12.30924
 1.0 11.14896
 1.0 10.68552
 1.0 11.95377
 1.0 11.789
 1.0 10.86113
 1.0 10.96627
 1.0 10.57148
 1.0 10.96623
 1.0 12.45658
 1.0 13.27214
 1.0 12.94594
 1.0 13.95663
 1.0 13.87353
 1.0 15.02904
 1.0 16.3394
 1.0 16.40799
 1.0 15.35532
 1.0 15.63149
 1.0 15.56019
 2.0 14.178
 1.0 13.18451
 1.0 11.78703
 1.0 11.4197
 1.0 11.51858
 1.0 10.56726
 1.0 10.96394
 1.0 10.26666
 1.0 8.75899
 1.0 8.63113
 1.0 7.21243
 1.0 6.59632
 1.0 6.76481
 1.0 8.26109
 1.0 8.75963
 1.0 8.25233
 1.0 9.0991
 1.0 8.97268
 1.0 7.61712
 1.0 7.87038
 1.0 6.75733
 1.0 7.46934
 1.0 6.7614
 1.0 7.87738
 1.0 7.62796
 1.0 6.59536
 1.0 5.21333
 1.0 4.9783
 1.0 6.28388
 1.0 8.01657
 1.0 8.97601
 1.0 9.10693
 1.0 9.64506
 1.0 10.07868
 2.0 8.98035
 1.0 15.46588
 1.0 15.23799
 1.0 16.71997
 1.0 16.97363
 1.0 16.53583
 1.0 15.0359
 1.0 14.32036
 1.0 16.34519
 1.0 16.97396
 1.0 18.48468
 1.0 19.20521
 1.0 18.816
 1.0 17.33386
 1.0 16.53381
 1.0 15.03313
 1.0 14.74802
 1.0 15.2433
 1.0 15.1682
 1.0 13.74422
 1.0 13.19425
 1.0 14.1859
 1.0 14.32138
 1.0 13.04307
 1.0 13.42351
 1.0 12.30518
 1.0 11.95237
 1.0 13.27512
 1.0 13.18626
 1.0 12.30064
 1.0 12.45639
 1.0 12.04635
 1.0 12.45702
 1.0 13.95503
 1.0 14.74027
 1.0 14.39296
 1.0 15.35894
 1.0 15.23287
 1.0 16.33974
 1.0 17.68469
 1.0 17.79137
 1.0 16.7792
 1.0 17.07821
 1.0 16.96771
 1.0 15.5609
 1.0 14.60848
 1.0 13.18534
 1.0 12.79718
 1.0 12.94527
 1.0 12.04218
 1.0 12.45456
 1.0 11.77952
 1.0 10.26721
 1.0 10.08233
 1.0 8.63242
 1.0 8.02844
 1.0 8.26143
 1.0 9.76686
 1.0 10.26775
 1.0 9.75888
 1.0 10.55831
 1.0 10.37515
 1.0 8.97206
 1.0 9.10333
 1.0 7.86968
 1.0 7.46859
 1.0 8.4004
 1.0 7.87667
 1.0 6.76837
 1.0 5.57191
 1.0 5.20481
 1.0 6.58315
 1.0 7.20157
 1.0 8.62076
 1.0 9.43745
 1.0 9.64333
 1.0 10.37989
 1.0 9.64247
 1.0 10.67392
 1.0 11.13833
 1.0 9.64709
 1.0 8.76334
 1.0 16.97427
 1.0 16.72112
 1.0 18.21027
 1.0 18.48496
 1.0 18.04043
 1.0 16.53615
 1.0 15.8393
 1.0 16.34585
 1.0 17.86631
 1.0 18.48526
 1.0 19.99825
 1.0 20.70354
 1.0 20.30421
 1.0 18.81554
 1.0 18.03843
 1.0 16.53346
 1.0 16.22766
 1.0 16.72645
 1.0 16.61213
 1.0 15.1702
 1.0 14.61993
 1.0 15.57059
 1.0 15.64521
 1.0 14.32254
 1.0 14.6175
 1.0 13.42537
 1.0 13.04264
 1.0 14.31886
 1.0 14.18121
 1.0 13.18627
 1.0 13.2726
 1.0 12.9481
 1.0 13.27194
 1.0 14.73973
 1.0 15.63488
 1.0 15.35895
 1.0 16.41019
 1.0 16.33923
 1.0 17.50927
 1.0 18.81185
 1.0 18.87146
 1.0 17.78998
 1.0 18.02889
 1.0 17.96726
 1.0 16.59853
 1.0 15.5602
 1.0 13.87432
 1.0 13.95582
 1.0 12.94379
 1.0 13.26962
 1.0 12.45257
 1.0 10.96269
 1.0 10.86132
 1.0 9.44931
 1.0 8.98848
 1.0 9.11255
 1.0 10.5699
 1.0 10.9632
 1.0 10.2637
 1.0 10.95534
 1.0 10.85057
 1.0 9.43636
 1.0 9.64195
 1.0 8.3955
 1.0 8.97852
 1.0 8.02109
 1.0 8.98189
 1.0 8.40271
 2.0 7.47936
 1.0 5.56893
 1.0 6.76017
 1.0 7.46785
 1.0 9.64189
 1.0 10.07729
 1.0 10.85535
 1.0 10.07537
 1.0 11.13584
 1.0 11.78109
 1.0 10.8569
 1.0 10.38231
 1.0 9.64766
 1.0 8.4014
 2.0 7.47231
 1.0 17.36348
 1.0 16.97949
 1.0 18.4902
 1.0 18.88451
 1.0 18.49095
 1.0 16.9803
 1.0 16.35025
 1.0 16.79603
 1.0 18.32203
 1.0 18.8848
 1.0 20.40668
 1.0 21.0613
 1.0 20.7058
 1.0 19.20734
 1.0 18.489
 1.0 16.97769
 1.0 16.53984
 1.0 16.98474
 1.0 16.73359
 1.0 15.25167
 1.0 14.75629
 1.0 15.64891
 1.0 15.57435
 1.0 14.19001
 1.0 14.32604
 1.0 13.04755
 1.0 12.71361
 1.0 13.96384
 1.0 13.8778
 1.0 12.79836
 1.0 12.94641
 1.0 12.79681
 1.0 13.18244
 1.0 14.60567
 1.0 15.55899
 1.0 15.23163
 1.0 16.33909
 1.0 16.41034
 1.0 17.62015
 1.0 18.87365
 1.0 18.80966
 1.0 17.68033
 1.0 17.96326
 1.0 18.03102
 2.0 16.71445
 1.0 15.63396
 1.0 14.31373
 1.0 13.95818
 1.0 13.87233
 1.0 12.79309
 2.0 13.18116
 1.0 12.29518
 1.0 10.85596
 1.0 10.96799
 1.0 9.6532
 1.0 8.9854
 1.0 10.38561
 1.0 10.85698
 1.0 10.07326
 1.0 10.84853
 1.0 10.95734
 1.0 9.63995
 1.0 10.07514
 1.0 8.97667
 1.0 9.76563
 1.0 10.08169
 1.0 9.65023
 1.0 8.76998
 1.0 6.76592
 1.0 7.87527
 1.0 8.39843
 1.0 9.64277
 1.0 10.67443
 1.0 11.13882
 1.0 11.78155
 1.0 11.77967
 1.0 12.45359
 1.0 11.51561
 1.0 18.88464
 1.0 18.49079
 1.0 20.00378
 1.0 20.4064
 1.0 20.00364
 1.0 18.49064
 1.0 17.87032
 1.0 18.32201
 1.0 19.84801
 2.0 20.40667
 2.0 21.92912
 3.0 22.57392
 1.0 22.20712
 1.0 20.70485
 1.0 20.00169
 1.0 18.48809
 1.0 18.04457
 1.0 18.49607
 1.0 18.22385
 1.0 16.73474
 1.0 16.23604
 1.0 17.09675
 1.0 16.98346
 1.0 15.57488
 1.0 15.65001
 1.0 14.3272
 1.0 13.96761
 1.0 15.16565
 1.0 15.03428
 1.0 13.87721
 1.0 13.95767
 1.0 13.87458
 1.0 14.1757
 1.0 15.55793
 1.0 16.59708
 1.0 16.33859
 1.0 17.50915
 1.0 17.61921
 1.0 18.87497
 1.0 20.08878
 1.0 19.99023
 1.0 18.80805
 1.0 19.03316
 2.0 19.13751
 2.0 17.85916
 1.0 16.71347
 1.0 15.43542
 1.0 15.15806
 1.0 15.02775
 1.0 13.87074
 1.0 14.1745
 1.0 13.17906
 1.0 11.78236
 1.0 11.95067
 1.0 10.68465
 1.0 10.28071
 1.0 10.08621
 1.0 11.41925
 1.0 11.78329
 1.0 10.8529
 1.0 11.50822
 2.0 11.67739
 1.0 10.37702
 2.0 10.85412
 1.0 9.76423
 4.0 10.56771
 1.0 9.7679
 2.0 10.86072
 1.0 10.38737
 1.0 9.65657
 1.0 8.41
 1.0 7.47714
 1.0 8.40173
 1.0 11.13783
 1.0 11.78296
 1.0 12.45425
 1.0 11.51368
 1.0 12.45159
 1.0 13.26765
 1.0 12.45404
 3.0 7.8767
 1.0 19.55046
 1.0 19.21067
 1.0 20.70835
 1.0 21.06077
 1.0 20.70862
 1.0 19.21096
 1.0 18.48914
 1.0 18.88479
 2.0 21.06129
 1.0 22.57393
 1.0 23.30097
 1.0 22.97966
 1.0 21.49521
 1.0 20.70661
 1.0 19.20807
 1.0 18.82277
 1.0 19.2156
 1.0 18.99456
 1.0 17.52658
 1.0 17.09659
 1.0 18.04552
 1.0 17.98121
 1.0 16.61047
 1.0 16.72715
 1.0 15.4463
 1.0 15.16491
 1.0 16.41751
 1.0 16.34405
 1.0 15.23549
 1.0 15.35971
 1.0 15.23364
 1.0 15.55864
 1.0 16.96547
 1.0 17.96637
 1.0 17.68363
 1.0 18.81173
 1.0 18.87335
 1.0 20.08932
 1.0 21.34321
 1.0 21.28665
 1.0 20.14199
 1.0 20.3908
 2.0 20.45065
 2.0 19.13837
 1.0 18.03103
 1.0 16.41117
 1.0 16.33822
 1.0 15.22978
 2.0 15.55719
 1.0 14.60281
 1.0 13.18033
 1.0 13.27317
 1.0 11.95253
 1.0 11.52557
 1.0 11.42023
 1.0 12.79636
 1.0 12.29315
 1.0 12.93542
 1.0 13.02681
 1.0 12.03915
 1.0 11.51515
 1.0 11.51826
 1.0 10.08777
 1.0 8.98871
 1.0 8.98004
 1.0 9.76506
 1.0 10.85306
 1.0 11.7792
 1.0 12.45381
 1.0 13.26744
 1.0 12.45114
 1.0 13.49687
 1.0 14.30786
 1.0 13.49975
 1.0 12.9422
 1.0 12.2978
 1.0 11.13983
 1.0 10.07923
 1.0 9.6468
 1.0 9.10969
 1.0 21.06102
 1.0 20.70901
 1.0 22.2105
 1.0 22.57343
 1.0 22.21
 1.0 20.70848
 1.0 20.00183
 1.0 20.40666
 1.0 24.08824
 2.0 24.80213
 1.0 24.4683
 1.0 22.97868
 1.0 22.208
 1.0 20.70566
 1.0 20.31117
 1.0 20.71399
 1.0 20.47183
 1.0 18.99543
 1.0 18.55698
 1.0 19.47456
 1.0 19.37547
 1.0 17.98152
 1.0 18.04694
 1.0 16.72799
 1.0 16.42072
 1.0 17.6281
 2.0 17.51489
 1.0 16.34338
 1.0 16.41142
 1.0 16.34064
 1.0 16.59675
 1.0 17.96546
 1.0 19.03624
 1.0 18.8113
 1.0 19.99232
 1.0 20.0885
 1.0 21.34438
 1.0 22.5629
 1.0 22.4752
 1.0 21.2851
 1.0 21.48427
 1.0 21.5769
 1.0 20.29928
 1.0 17.62014
 1.0 17.50817
 1.0 16.3367
 1.0 16.59538
 1.0 15.55524
 1.0 14.17393
 1.0 14.31453
 1.0 13.04023
 1.0 12.7118
 1.0 12.5548
 1.0 13.87415
 1.0 14.1747
 1.0 13.17738
 1.0 13.72153
 1.0 13.86372
 1.0 12.54283
 1.0 12.94032
 1.0 11.78043
 1.0 12.45451
 1.0 12.45761
 1.0 11.78698
 1.0 11.14931
 1.0 10.08917
 1.0 8.98625
 1.0 9.76818
 1.0 11.51297
 1.0 12.45248
 1.0 13.26912
 2.0 14.09026
 1.0 13.26577
 2.0 14.30573
 1.0 15.22697
 1.0 14.52392
 1.0 13.95137
 1.0 13.41384
 1.0 12.29826
 2.0 10.67705
 1.0 10.27036
 2.0 9.1097
 1.0 8.0242
 1.0 21.80286
 1.0 21.49908
 1.0 22.98256
 1.0 23.30025
 1.0 22.98244
 1.0 21.49896
 1.0 20.707
 1.0 23.30096
 1.0 25.58722
 1.0 25.29453
 1.0 23.82394
 1.0 22.98039
 1.0 21.49586
 1.0 21.1528
 1.0 21.50375
 1.0 21.30698
 1.0 19.85353
 1.0 19.47442
 1.0 20.46479
 1.0 20.40837
 1.0 19.04922
 1.0 19.15135
 1.0 17.87043
 1.0 17.62746
 1.0 18.88106
 1.0 18.81693
 1.0 17.68775
 1.0 17.79454
 1.0 17.68568
 1.0 17.96607
 1.0 19.35827
 1.0 20.39395
 1.0 20.14531
 1.0 21.28875
 1.0 21.34295
 1.0 22.56338
 1.0 23.81733
 1.0 23.76666
 1.0 22.61017
 1.0 22.83209
 1.0 22.88568
 1.0 21.57766
 1.0 18.87422
 1.0 18.81082
 1.0 17.68173
 1.0 17.9645
 1.0 16.96251
 1.0 15.55649
 1.0 15.63557
 1.0 14.31627
 1.0 13.96219
 1.0 13.87516
 1.0 15.23307
 1.0 14.60091
 1.0 15.14508
 1.0 15.22321
 1.0 13.86392
 1.0 14.16997
 1.0 12.94053
 1.0 13.49978
 1.0 12.45474
 1.0 13.2708
 1.0 12.45783
 1.0 11.791
 1.0 10.86587
 1.0 9.77076
 1.0 11.51491
 1.0 12.45026
 1.0 13.26535
 1.0 15.02195
 1.0 15.42674
 1.0 16.33254
 1.0 15.62982
 1.0 15.15068
 1.0 14.60443
 1.0 13.41447
 1.0 12.29758
 2.0 11.94572
 1.0 11.51658
 1.0 21.50128
 1.0 21.15593
 1.0 22.62779
 1.0 22.98473
 1.0 22.76502
 1.0 21.30252
 1.0 20.46542
 1.0 20.71169
 1.0 22.21363
 1.0 22.9857
 1.0 24.47489
 1.0 25.30068
 1.0 25.09759
 1.0 23.64706
 1.0 22.76295
 1.0 21.29913
 1.0 20.91504
 1.0 21.16016
 1.0 20.92237
 1.0 19.47943
 1.0 19.21447
 1.0 20.25572
 1.0 20.1595
 1.0 18.82311
 1.0 18.88459
 1.0 17.62779
 1.0 18.81694
 1.0 18.87635
 1.0 17.79408
 1.0 18.02986
 1.0 17.96638
 1.0 18.36966
 1.0 19.77236
 1.0 20.75037
 1.0 20.39218
 1.0 21.48673
 1.0 21.57715
 1.0 22.75125
 1.0 24.02742
 1.0 23.94416
 1.0 22.8304
 1.0 23.15101
 1.0 23.23783
 1.0 21.91572
 1.0 20.84411
 1.0 19.51887
 1.0 19.13865
 1.0 19.03489
 1.0 17.96295
 1.0 18.36858
 1.0 17.43423
 1.0 16.02142
 1.0 16.14697
 1.0 14.8211
 1.0 14.31764
 1.0 14.17765
 1.0 15.55898
 1.0 16.02245
 1.0 15.14655
 1.0 15.81967
 1.0 15.94351
 1.0 14.59803
 1.0 14.94132
 1.0 13.72432
 1.0 14.3075
 1.0 13.26747
 1.0 13.27058
 1.0 12.46118
 1.0 11.52238
 1.0 10.56929
 1.0 11.51417
 1.0 12.45183
 1.0 14.30494
 1.0 15.02158
 1.0 15.94779
 1.0 15.22423
 1.0 16.32999
 1.0 17.14311
 1.0 16.33305
 1.0 15.82644
 1.0 15.15141
 1.0 13.95236
 1.0 12.94242
 1.0 12.54697
