
 100.0 1.526
 1.0 1.76286
 1.0 2.92254
 100.0 2.49139
 1.0 3.94047
 36.0 3.83962
 43.0 4.31457
 64.0 2.92064
 1.0 3.93905
 11.0 4.57587
 12.0 3.52256
 4.0 2.92063
 5.0 3.52098
 11.0 2.91968
 24.0 2.48916
 1.0 3.05289
 7.0 2.49026
 4.0 1.52235
 1.0 4.57889
 3.0 4.31584
 2.0 3.83961
 1.0 5.28594
 2.0 5.21173
 2.0 4.3152
 3.0 2.92158
 1.0 5.21227
 1.0 4.98388
 2.0 2.49249
 2.0 1.52417
 11.0 2.9197
 9.0 3.52257
 1.0 6.35214
 1.0 6.2914
 1.0 4.98277
 1.0 3.84106
 2.0 2.49138
 2.0 2.91874
 5.0 3.521
 8.0 4.57588
 1.0 6.76633
 1.0 6.59285
 1.0 5.21121
 1.0 4.31714
 1.0 2.92159
 2.0 4.57528
 3.0 5.56993
 24.0 5.21015
 14.0 4.98278
 1.0 5.84175
 1.0 5.77565
 6.0 4.31392
 1.0 3.84034
 5.0 2.91875
 2.0 4.31329
 3.0 5.20909
 11.0 4.98055
 3.0 4.57709
 1.0 4.31521
 3.0 1.52419
 2.0 2.48917
 2.0 3.83747
 8.0 4.31265
 5.0 3.83601
 9.0 4.31264
 13.0 3.83745
 1.0 3.94187
 1.0 3.84179
 1.0 2.49361
 1.0 1.52781
 1.0 0.00314
 1.0 1.5242
 4.0 2.48918
 5.0 2.48804
 1.0 2.9273
 1.0 2.49585
 1.0 1.53146
 1.0 0.00546
 3.0 2.49141
 3.0 2.91971
 2.0 1.52055
 4.0 2.48581
 2.0 2.91683
 1.0 3.94753
 1.0 2.93015
 1.0 2.49809
 1.0 1.52785
 2.0 3.83892
 1.0 4.31395
 1.0 3.83893
 4.0 2.48919
 1.0 2.91685
 7.0 3.51942
 3.0 2.91779
 6.0 4.57526
 1.0 3.84977
 1.0 2.50255
 1.0 2.92826
 2.0 2.49142
 1.0 4.98279
 2.0 5.21017
 1.0 4.3146
 1.0 2.91877
 4.0 3.51785
 3.0 4.57285
 7.0 4.312
 3.0 5.77374
 3.0 6.10126
 6.0 5.77566
 1.0 3.05931
 2.0 1.53332
 1.0 2.49476
 2.0 2.91781
 1.0 5.21016
 2.0 5.56893
 3.0 4.57407
 3.0 4.57042
 1.0 5.56593
 3.0 5.20695
 11.0 6.58865
 3.0 6.76387
 1.0 0.0118
 3.0 1.52604
 1.0 2.48471
 1.0 3.83529
 3.0 4.57345
 1.0 2.91303
 2.0 4.30683
 1.0 5.20428
 3.0 4.9772
 2.0 6.28611
 1.0 1.76762
 1.0 0.00973
 1.0 1.51689
 3.0 2.48582
 2.0 2.91589
 1.0 2.48245
 1.0 3.83092
 1.0 4.30747
 2.0 3.83238
 1.0 2.92256
 1.0 1.52238
 1.0 3.52099
 3.0 4.57405
 2.0 4.3107
 2.0 4.97607
 3.0 5.20533
 3.0 4.3094
 1.0 5.20694
 1.0 4.97942
 3.0 3.83672
 2.0 2.48803
 1.0 3.93977
 1.0 3.83819
 3.0 2.91778
 3.0 2.48692
 1.0 2.91873
 5.0 4.31263
 2.0 4.57344
 1.0 4.97718
 1.0 3.83309
 1.0 4.31004
 3.0 3.83455
 1.0 1.52052
 3.0 2.48914
 5.0 4.31071
 2.0 3.51783
 1.0 2.91587
 1.0 2.48579
 1.0 3.83454
 2.0 4.56978
 2.0 5.56391
 1.0 5.20372
 1.0 4.30746
 1.0 4.30876
 1.0 2.91493
 2.0 2.91682
 10.0 5.56942
 1.0 3.04837
 1.0 3.83457
 1.0 2.91398
 2.0 2.48469
 1.0 1.51871
 1.0 2.48468
 1.0 2.91397
 2.0 3.51466
 1.0 4.56796
 1.0 4.30553
 1.0 3.8302
 2.0 4.30684
 1.0 2.9159
 2.0 2.4847
 2.0 2.91684
 3.0 5.20801
 2.0 3.83311
 3.0 4.97609
 4.0 3.83312
 1.0 4.30812
 1.0 3.83383
 1.0 2.91301
 1.0 4.56857
 1.0 5.56191
 1.0 5.20106
 1.0 4.97385
 1.0 5.20215
 1.0 5.56395
 1.0 4.57104
 1.0 4.31008
 3.0 5.77181
 5.0 6.28832
 1.0 5.27965
 2.0 6.28479
 1.0 5.20534
 2.0 4.31005
 1.0 2.91492
 1.0 3.51623
 1.0 4.57039
 1.0 6.28255
 1.0 5.56141
 1.0 5.20214
 1.0 4.97273
 1.0 5.20269
 1.0 4.30815
 1.0 4.57164
 2.0 4.30878
 2.0 6.58696
 5.0 7.62508
 5.0 7.47194
 1.0 5.77325
 1.0 6.5878
 1.0 5.20749
 2.0 4.97831
 1.0 3.83528
 2.0 2.48693
 1.0 2.91586
 1.0 4.31069
 1.0 5.56341
 1.0 4.56735
 1.0 4.30619
 1.0 3.82877
 1.0 4.30687
 1.0 3.83388
 1.0 4.31074
 3.0 4.97832
 1.0 7.46971
 3.0 6.58864
 4.0 5.20802
 1.0 7.26081
 2.0 8.02143
 1.0 6.58823
 2.0 6.28699
 2.0 4.97943
 2.0 3.836
 1.0 4.31133
 1.0 5.77275
 1.0 6.58694
 1.0 6.75974
 1.0 5.56291
 1.0 5.20321
 1.0 4.30491
 1.0 4.56801
 1.0 4.30947
 1.0 5.20698
 1.0 4.97721
 2.0 6.28656
 2.0 7.4686
 1.0 8.75986
 1.0 8.97974
 2.0 8.02212
 6.0 6.76429
 3.0 5.56943
 3.0 8.02385
 1.0 8.62849
 1.0 7.20813
 1.0 6.58949
 4.0 5.20908
 5.0 4.31393
 1.0 4.57525
 2.0 6.10125
 1.0 6.76263
 1.0 6.58651
 1.0 5.20426
 1.0 3.83023
 1.0 4.30754
 1.0 4.57351
 1.0 5.56796
 1.0 5.20643
 1.0 6.58781
 1.0 7.62217
 1.0 8.97757
 1.0 9.44218
 3.0 8.6272
 2.0 7.20658
 1.0 7.47232
 2.0 6.28878
 1.0 7.67852
 1.0 8.02316
 4.0 6.58991
 1.0 5.77421
 2.0 4.31328
 1.0 3.8389
 2.0 4.31455
 1.0 5.77516
 1.0 6.09943
 1.0 5.7713
 1.0 4.30939
 1.0 2.48248
 1.0 2.91404
 1.0 3.52106
 1.0 4.57409
 2.0 4.31072
 2.0 6.58443
 1.0 8.01831
 1.0 8.62527
 1.0 8.02039
 5.0 6.76265
 3.0 5.56793
 1.0 6.29009
 2.0 5.20962
 1.0 2.4914
 1.0 2.92062
 1.0 4.31391
 1.0 4.57343
 1.0 4.31003
 1.0 2.9149
 1.0 1.51692
 1.0 2.487
 1.0 2.92071
 1.0 3.52104
 1.0 2.91686
 3.0 5.20429
 1.0 6.58527
 1.0 7.20466
 1.0 6.58654
 1.0 5.20588
 3.0 5.56743
 1.0 6.35215
 3.0 6.28921
 3.0 4.98167
 1.0 3.83817
 5.0 2.49028
 1.0 2.92255
 2.0 3.52413
 1.0 4.57647
 2.0 4.31198
 1.0 3.83525
 1.0 2.48801
 1.0 1.52054
 1.0 0.00972
 1.0 1.52609
 1.0 2.49369
 1.0 2.91974
 1.0 2.48806
 1.0 3.83456
 1.0 4.30685
 1.0 5.76796
 2.0 6.28391
 1.0 5.20589
 1.0 4.57346
 1.0 7.62982
 3.0 7.47417
 1.0 6.29054
 1.0 3.83964
 2.0 4.31716
 1.0 4.57891
 2.0 5.57191
 4.0 5.20961
 4.0 4.31262
 1.0 2.4903
 1.0 1.5297
 2.0 2.4937
 2.0 3.84258
 1.0 4.31462
 1.0 3.83748
 1.0 5.2027
 1.0 6.58275
 2.0 7.62072
 1.0 7.46748
 1.0 6.58655
 1.0 5.77183
 1.0 6.09946
 1.0 7.68034
 1.0 7.628
 1.0 6.59161
 1.0 5.2107
 1.0 4.31524
 1.0 4.57894
 1.0 5.21229
 1.0 3.83673
 4.0 2.49029
 1.0 2.92069
 1.0 3.84115
 1.0 4.98507
 1.0 5.2102
 1.0 4.31268
 1.0 5.2059
 1.0 5.56246
 1.0 6.7565
 1.0 7.87037
 1.0 6.58444
 1.0 7.20467
 2.0 6.5874
 3.0 6.76225
 1.0 6.09763
 1.0 6.76183
 1.0 9.11367
 1.0 8.98346
 2.0 8.0256
 2.0 6.59204
 1.0 5.77665
 1.0 6.10494
 1.0 5.77856
 1.0 6.59371
 1.0 6.29055
 1.0 3.84038
 1.0 4.31591
 2.0 4.98508
 2.0 6.29324
 1.0 6.59123
 1.0 5.77425
 1.0 6.58698
 1.0 6.75775
 1.0 7.86896
 1.0 9.10331
 1.0 8.97542
 1.0 8.01798
 2.0 8.62529
 1.0 8.02076
 1.0 8.25965
 1.0 7.62363
 1.0 8.25931
 3.0 6.76428
 3.0 5.56941
 1.0 9.48891
 1.0 9.44631
 2.0 8.63109
 1.0 7.21007
 1.0 6.59205
 1.0 6.76802
 1.0 6.10493
 1.0 6.768
 1.0 4.3159
 1.0 5.2118
 1.0 6.29237
 1.0 7.47646
 1.0 7.62768
 1.0 6.58953
 1.0 7.20507
 1.0 7.4664
 1.0 8.39317
 1.0 9.64078
 1.0 9.43807
 1.0 8.62336
 1.0 9.44073
 1.0 8.97883
 1.0 9.10788
 1.0 8.25797
 1.0 8.75987
 1.0 8.62721
 3.0 7.4723
 2.0 6.28876
 4.0 5.56991
 1.0 10.96895
 1.0 10.86075
 2.0 10.08284
 1.0 8.02562
 2.0 8.26539
 1.0 7.63093
 1.0 8.26571
 1.0 8.02596
 1.0 6.59162
 1.0 5.77762
 2.0 6.59291
 1.0 6.29325
 2.0 7.47647
 2.0 8.7669
 1.0 8.98258
 1.0 8.0232
 1.0 8.62595
 1.0 8.75673
 1.0 9.63964
 1.0 10.95807
 1.0 10.85205
 1.0 10.07484
 1.0 10.85462
 1.0 10.381
 1.0 10.56667
 1.0 9.76421
 1.0 10.26821
 1.0 10.07868
 1.0 8.76239
 1.0 6.76469
 5.0 6.59075
 3.0 6.29053
 1.0 11.55445
 1.0 11.51925
 1.0 10.86076
 1.0 9.44632
 1.0 8.98349
 1.0 9.1137
 1.0 8.76686
 1.0 8.63174
 1.0 7.21008
 1.0 7.62951
 1.0 8.76627
 1.0 9.96785
 1.0 10.08122
 1.0 8.98102
 1.0 9.44133
 1.0 9.64195
 1.0 10.37566
 1.0 11.67736
 1.0 11.51057
 1.0 10.85282
 1.0 11.7797
 1.0 11.41311
 1.0 11.51491
 1.0 10.56509
 1.0 10.96185
 2.0 10.85639
 1.0 9.44247
 2.0 9.64709
 1.0 8.40074
 2.0 7.8774
 1.0 7.62726
 2.0 13.03805
 1.0 12.94695
 1.0 12.30167
 1.0 10.86051
 1.0 10.38583
 1.0 10.57247
 1.0 9.77162
 1.0 10.27526
 2.0 10.0834
 1.0 8.6311
 2.0 8.02667
 1.0 8.98443
 1.0 9.96786
 1.0 11.24838
 1.0 11.41679
 1.0 10.38343
 2.0 10.8554
 1.0 10.95936
 1.0 11.67641
 1.0 13.02699
 1.0 12.93793
 1.0 12.29353
 1.0 13.17816
 1.0 12.79108
 1.0 12.94222
 1.0 12.04051
 1.0 12.45271
 1.0 12.29713
 1.0 10.96437
 1.0 9.64708
 2.0 9.1103
 4.0 8.9819
 1.0 8.7643
 1.0 13.30286
 1.0 13.03615
 1.0 12.45787
 1.0 10.96669
 1.0 10.57037
 1.0 10.96822
 1.0 10.27446
 2.0 10.68203
 2.0 10.27338
 1.0 8.76466
 1.0 8.26507
 1.0 9.11311
 1.0 8.98599
 1.0 10.08426
 1.0 11.41947
 1.0 11.51784
 2.0 10.56828
 1.0 10.96138
 1.0 10.85183
 1.0 11.50794
 1.0 12.93602
 1.0 13.02634
 1.0 12.44917
 1.0 13.26497
 1.0 12.94073
 1.0 13.26684
 2.0 12.45116
 1.0 13.03016
 1.0 12.94178
 1.0 11.51441
 1.0 11.68303
 1.0 10.3823
 1.0 9.44424
 1.0 8.98191
 3.0 7.62727
 6.0 6.59076
 1.0 12.79607
 1.0 12.45675
 1.0 11.78443
 1.0 10.27148
 1.0 9.76793
 1.0 10.27256
 1.0 9.76963
 1.0 10.2731
 1.0 9.76849
 3.0 8.26203
 1.0 7.62913
 1.0 8.26339
 1.0 8.02702
 1.0 8.98444
 1.0 10.38638
 1.0 9.76595
 1.0 10.26607
 1.0 10.07239
 1.0 10.84798
 1.0 12.28948
 1.0 12.44693
 1.0 11.7757
 1.0 12.44939
 1.0 12.0389
 1.0 11.77757
 1.0 12.45048
 1.0 12.29487
 1.0 10.85408
 1.0 10.96209
 1.0 9.64478
 1.0 8.76049
 2.0 8.02247
 2.0 6.58907
 1.0 5.77373
 1.0 11.28094
 1.0 10.96592
 1.0 10.27175
 1.0 8.76338
 1.0 8.76433
 1.0 8.26303
 1.0 8.76432
 1.0 6.76432
 1.0 6.10313
 1.0 6.7664
 1.0 6.59418
 1.0 7.63061
 1.0 8.98475
 1.0 9.11006
 1.0 8.26002
 1.0 8.75799
 1.0 8.62146
 1.0 9.43456
 1.0 10.84926
 1.0 10.95629
 1.0 10.26309
 1.0 10.95909
 1.0 10.56405
 1.0 10.9606
 1.0 10.2647
 1.0 10.95932
 1.0 10.85384
 1.0 9.43983
 1.0 9.6445
 1.0 8.3981
 1.0 7.47045
 1.0 7.20659
 1.0 6.5895
 4.0 2.48805
 2.0 1.52236
 1.0 9.77021
 1.0 8.26372
 1.0 8.02564
 1.0 8.63241
 1.0 8.26473
 1.0 7.62914
 2.0 6.10314
 1.0 5.77909
 1.0 6.59462
 1.0 6.77093
 2.0 7.88312
 1.0 9.11526
 1.0 8.98321
 1.0 8.02391
 1.0 8.25835
 1.0 8.01768
 1.0 8.62017
 1.0 10.07212
 1.0 10.2631
 1.0 9.76111
 1.0 10.56407
 1.0 10.38049
 1.0 10.07541
 1.0 10.85386
 1.0 10.96187
 1.0 9.64452
 1.0 10.0787
 1.0 8.98006
 1.0 8.02283
 1.0 7.47233
 1.0 6.76513
 1.0 5.57043
 1.0 4.57589
 1.0 3.52259
 1.0 9.15603
 1.0 8.76529
 1.0 8.2644
 1.0 6.7668
 2.0 6.59292
 1.0 7.21204
 1.0 6.76681
 1.0 4.57714
 1.0 4.3185
 1.0 5.21502
 1.0 5.57698
 1.0 6.77176
 1.0 7.62952
 1.0 6.59124
 1.0 6.76147
 1.0 6.58534
 1.0 7.20046
 1.0 8.62145
 1.0 8.75514
 1.0 8.25531
 1.0 9.10609
 1.0 8.97917
 1.0 9.44193
 1.0 8.62403
 1.0 9.43957
 1.0 9.64425
 1.0 8.39781
 1.0 8.97977
 1.0 8.02215
 1.0 7.04516
 1.0 6.2888
 1.0 5.57094
 1.0 4.57772
 1.0 3.5226
 1.0 2.92162
 2.0 2.92066
 1.0 8.76907
 1.0 8.63431
 1.0 8.02942
 1.0 6.59584
 1.0 6.29544
 1.0 6.59713
 1.0 5.78052
 1.0 6.10677
 1.0 5.78002
 2.0 4.31847
 1.0 3.84548
 1.0 4.98954
 1.0 5.21929
 1.0 6.59969
 1.0 7.63572
 1.0 7.47869
 1.0 6.59079
 1.0 6.76351
 1.0 7.46899
 1.0 8.75957
 1.0 8.02111
 1.0 8.98163
 1.0 8.76465
 1.0 8.98256
 1.0 8.02216
 1.0 8.62724
 1.0 8.76243
 1.0 7.47234
 1.0 8.02458
 1.0 7.04674
 1.0 6.29233
 1.0 5.57294
 1.0 5.2155
 1.0 4.32038
 1.0 2.92542
 2.0 2.49588
 4.0 2.9178
 2.0 4.57527
 1.0 9.49536
 1.0 9.45278
 1.0 8.99059
 1.0 7.63531
 1.0 7.48202
 1.0 7.63752
 1.0 6.6005
 1.0 6.77459
 1.0 6.59964
 1.0 5.21818
 1.0 4.99176
 1.0 6.29943
 1.0 6.60137
 1.0 8.03432
 1.0 8.99218
 1.0 8.77102
 1.0 7.4798
 1.0 7.63058
 1.0 7.87886
 1.0 8.40011
 1.0 9.64711
 1.0 9.44396
 1.0 8.98254
 1.0 9.96893
 1.0 10.08478
 1.0 8.9841
 1.0 9.44691
 1.0 9.65144
 1.0 8.40508
 1.0 8.98657
 1.0 8.02873
 1.0 7.4794
 1.0 6.77129
 1.0 6.59835
 1.0 5.78288
 1.0 4.32167
 1.0 3.84543
 1.0 2.92352
 1.0 3.83675
 1.0 9.45688
 1.0 9.65831
 1.0 9.1219
 1.0 7.888
 1.0 7.63895
 1.0 7.48648
 1.0 6.30249
 1.0 6.60342
 1.0 6.77662
 1.0 5.57991
 1.0 5.22139
 1.0 6.60219
 1.0 6.77668
 1.0 8.27384
 1.0 9.12288
 1.0 8.99216
 1.0 7.63641
 1.0 7.88377
 1.0 8.40606
 1.0 8.98376
 1.0 10.08337
 1.0 9.65083
 1.0 9.11488
 1.0 10.27768
 1.0 10.08862
 1.0 9.97226
 1.0 8.76938
 1.0 8.98749
 1.0 9.11734
 1.0 7.88448
 1.0 8.4097
 1.0 7.48126
 1.0 7.21855
 1.0 6.60046
 1.0 6.77579
 1.0 6.1122
 1.0 4.5862
 1.0 4.32295
 1.0 2.92732
 1.0 3.52575
 1.0 2.91876
 1.0 4.31137
 3.0 5.20803
 1.0 8.08463
 1.0 8.41263
 1.0 7.8901
 1.0 6.77661
 1.0 6.60384
 1.0 6.30427
 1.0 4.9962
 1.0 5.22402
 1.0 5.58289
 1.0 4.5868
 1.0 4.3262
 1.0 5.78773
 1.0 6.11409
 1.0 7.64008
 2.0 8.27551
 1.0 8.03567
 1.0 6.60133
 1.0 6.77292
 1.0 7.47975
 1.0 8.02799
 1.0 8.98653
 1.0 8.40602
 1.0 7.88375
 1.0 9.11885
 1.0 8.99181
 1.0 8.77256
 1.0 7.48088
 1.0 7.63385
 1.0 7.8852
 1.0 6.77295
 1.0 7.48201
 1.0 6.77377
 1.0 6.60132
 1.0 5.78626
 1.0 6.11402
 1.0 5.78673
 1.0 4.32488
 1.0 4.58439
 1.0 3.52732
 1.0 4.57832
 2.0 4.31201
 1.0 5.77231
 1.0 8.41658
 1.0 8.99485
 1.0 8.4166
 1.0 7.48679
 1.0 7.22431
 1.0 6.60805
 1.0 5.22722
 1.0 5.58636
 1.0 6.3042
 1.0 5.58137
 1.0 5.2219
 2.0 6.60385
 1.0 6.77749
 1.0 8.7783
 1.0 8.64333
 1.0 7.22163
 1.0 7.48382
 1.0 8.41066
 1.0 8.98898
 1.0 9.7761
 1.0 8.9899
 1.0 8.41163
 1.0 9.66003
 1.0 9.45835
 1.0 8.99489
 1.0 7.63928
 1.0 7.48421
 1.0 7.6393
 1.0 6.60299
 1.0 7.22164
 1.0 6.60301
 1.0 6.77868
 1.0 6.11584
 1.0 6.77947
 1.0 6.60382
 1.0 5.22188
 1.0 5.5789
 1.0 4.58135
 1.0 5.57243
 1.0 7.62509
 2.0 7.87671
 1.0 7.27836
 1.0 8.03764
 1.0 7.48938
 1.0 6.77945
 1.0 6.60719
 1.0 5.79395
 1.0 4.3326
 1.0 4.59345
 1.0 5.58534
 1.0 5.22131
 1.0 4.99282
 1.0 6.30292
 1.0 6.60303
 1.0 8.03776
 1.0 8.27785
 2.0 8.03911
 1.0 6.60467
 1.0 6.77741
 1.0 7.88866
 1.0 8.41128
 1.0 8.99236
 1.0 8.03418
 1.0 7.48565
 1.0 8.77758
 1.0 8.64522
 2.0 8.03908
 1.0 6.60508
 1.0 6.30247
 1.0 6.60427
 1.0 5.78916
 2.0 6.60429
 1.0 6.30251
 1.0 6.60512
 1.0 5.7901
 1.0 6.60592
 1.0 6.77825
 1.0 5.58089
 1.0 6.29761
 1.0 5.57392
 1.0 6.76677
 1.0 6.58824
 1.0 8.02075
 1.0 8.97975
 1.0 9.1097
 3.0 7.8767
 1.0 6.78355
 1.0 7.48936
 1.0 7.22737
 1.0 6.60675
 1.0 6.78237
 2.0 6.12134
 1.0 4.59534
 1.0 4.33452
 1.0 5.22825
 1.0 4.99503
 1.0 5.22244
 1.0 6.60511
 1.0 7.22206
 1.0 8.644
 1.0 8.77957
 1.0 8.27816
 1.0 6.78033
 1.0 6.60507
 1.0 7.64072
 1.0 7.88935
 1.0 8.41425
 1.0 7.48564
 1.0 7.22351
 2.0 8.64521
 1.0 8.78014
 1.0 8.27815
 1.0 6.78032
 1.0 6.60428
 1.0 7.22282
 1.0 7.64044
 1.0 7.48538
 1.0 7.64078
 1.0 6.60469
 1.0 7.22354
 1.0 7.4857
 1.0 6.29938
 1.0 7.05304
 1.0 6.29276
 1.0 7.47456
 1.0 7.20622
 1.0 8.62594
 1.0 9.44219
 1.0 9.64681
 1.0 8.40042
 1.0 8.09287
 1.0 8.78137
 1.0 8.64908
 1.0 8.0408
 1.0 8.27983
 1.0 7.64734
 1.0 5.79634
 1.0 6.61012
 1.0 6.30421
 1.0 8.03877
 1.0 8.64272
 1.0 10.09528
 1.0 10.28773
 1.0 9.78442
 1.0 8.27782
 1.0 8.99611
 1.0 9.12368
 1.0 9.6623
 1.0 8.77757
 1.0 10.0974
 2.0 10.28875
 1.0 9.78497
 1.0 8.27848
 2.0 8.64463
 1.0 8.03844
 1.0 8.99587
 1.0 8.77608
 1.0 8.99555
 1.0 8.03807
 1.0 8.64395
 1.0 8.77571
 1.0 7.48347
 1.0 8.03148
 1.0 7.04988
 1.0 7.47084
 1.0 8.75956
 2.0 9.64508
 1.0 10.07924
 2.0 8.98067
 1.0 8.40107
 1.0 7.47305
 2.0 6.2892
 1.0 8.04634
 1.0 8.64906
 1.0 8.78395
 1.0 8.27948
 1.0 8.78112
 1.0 8.28189
 1.0 6.78406
 1.0 6.12315
 1.0 6.78523
 1.0 6.60593
 1.0 7.22242
 1.0 9.45842
 1.0 10.87359
 1.0 10.98192
 1.0 10.28798
 1.0 8.77955
 1.0 8.27814
 1.0 9.12615
 1.0 8.99671
 1.0 9.46066
 1.0 8.6452
 1.0 8.78013
 1.0 10.69657
 1.0 10.28851
 1.0 8.77986
 1.0 8.64464
 1.0 9.45989
 1.0 8.99588
 1.0 10.09418
 1.0 9.97677
 1.0 10.09361
 1.0 8.99523
 1.0 9.45866
 1.0 9.65977
 1.0 8.41101
 1.0 8.98872
 1.0 8.02733
 1.0 8.98316
 1.0 8.39911
 1.0 9.64423
 2.0 10.38044
 2.0 10.8569
 2.0 9.76647
 4.0 8.98066
 1.0 8.02315
 1.0 7.04513
 1.0 7.28566
 1.0 8.04389
 1.0 8.28317
 1.0 8.04116
 1.0 8.64719
 1.0 8.0433
 1.0 6.60853
 1.0 5.79541
 1.0 6.61014
 1.0 6.77866
 1.0 7.48499
 1.0 8.77765
 1.0 9.66069
 2.0 10.97989
 1.0 10.87512
 1.0 10.09773
 1.0 8.64591
 1.0 8.04082
 1.0 8.99889
 1.0 8.78009
 1.0 8.99978
 1.0 8.04181
 1.0 8.2808
 1.0 9.78722
 1.0 10.29066
 1.0 9.78641
 1.0 8.27985
 1.0 8.03984
 3.0 8.99714
 1.0 8.77737
 1.0 9.9779
 1.0 10.09254
 1.0 10.28394
 1.0 9.12346
 1.0 9.6615
 1.0 10.09193
 1.0 8.99027
 1.0 9.77417
 1.0 8.9844
 1.0 10.08146
 1.0 9.6451
 1.0 10.96136
 1.0 11.68114
 1.0 12.04234
 2.0 10.07923
 2.0 8.02281
 1.0 7.65095
 1.0 8.28282
 1.0 8.7846
 2.0 8.64653
 1.0 9.46222
 1.0 9.00054
 1.0 7.64411
 1.0 6.60978
 1.0 7.22818
 1.0 7.48682
 2.0 8.41336
 1.0 9.6624
 1.0 10.69117
 1.0 11.96183
 1.0 11.80002
 1.0 10.87562
 1.0 9.46134
 1.0 9.46275
 1.0 8.9998
 1.0 9.12947
 1.0 8.28079
 1.0 8.78236
 1.0 10.29065
 1.0 10.98467
 1.0 10.5872
 1.0 9.12774
 1.0 10.09531
 1.0 9.97791
 1.0 11.25755
 1.0 11.42728
 1.0 11.52942
 1.0 10.2834
 1.0 10.69112
 1.0 11.15132
 1.0 10.08835
 1.0 10.86434
 1.0 11.14135
 1.0 10.67551
 1.0 11.94318
 1.0 12.5452
 2.0 12.94242
 1.0 11.7818
 2.0 10.85689
 1.0 8.40041
 1.0 7.87669
 1.0 7.28568
 1.0 8.04425
 1.0 8.65039
 1.0 8.77952
 1.0 9.66469
 1.0 9.12807
 1.0 7.89231
 1.0 6.7816
 1.0 7.49054
 1.0 8.03564
 1.0 8.99185
 1.0 10.09388
 1.0 11.15237
 1.0 12.31322
 1.0 11.96299
 1.0 10.98215
 1.0 9.66412
 1.0 8.78047
 1.0 9.66665
 1.0 9.12977
 1.0 9.00256
 1.0 8.04424
 2.0 8.64973
 1.0 10.10127
 1.0 10.87892
 2.0 10.40269
 3.0 8.99959
 1.0 8.77866
 1.0 9.97904
 1.0 10.09366
 1.0 11.42827
 1.0 11.79462
 1.0 11.95881
 1.0 10.69011
 1.0 11.15283
 1.0 11.79385
 1.0 10.86562
 1.0 11.7889
 1.0 11.14235
 1.0 12.29941
 1.0 11.94388
 1.0 13.266
 1.0 13.86667
 1.0 14.17247
 1.0 12.04233
 1.0 9.6468
 1.0 9.10969
 1.0 5.79731
 1.0 6.61011
 1.0 7.22894
 1.0 7.48793
 1.0 8.41666
 1.0 7.89301
 1.0 6.77671
 1.0 5.58346
 1.0 6.30424
 1.0 7.05461
 1.0 8.03116
 1.0 8.99307
 1.0 10.09032
 1.0 11.15336
 1.0 10.69298
 1.0 9.66383
 1.0 8.41633
 1.0 7.48941
 1.0 8.41956
 1.0 7.89638
 1.0 7.64795
 1.0 6.61094
 1.0 7.22892
 1.0 9.46455
 1.0 7.64372
 1.0 7.48654
 1.0 8.77551
 1.0 8.99252
 1.0 10.39393
 1.0 10.86723
 1.0 10.97484
 1.0 9.65752
 1.0 10.09084
 1.0 10.8669
 1.0 10.08533
 1.0 11.14385
 1.0 10.67786
 1.0 11.94551
 1.0 11.77852
 1.0 13.17646
 1.0 13.72469
 1.0 13.86666
 1.0 12.54519
 1.0 11.68113
 1.0 9.44217
 1.0 8.97973
 3.0 6.28833
 1.0 5.30703
 1.0 5.79585
 1.0 6.61102
 1.0 6.77992
 2.0 7.89227
 1.0 7.6423
 1.0 6.60183
 1.0 5.22306
 1.0 5.58492
 1.0 6.29851
 1.0 7.48091
 1.0 9.65839
 1.0 10.69168
 1.0 10.28585
 1.0 9.12621
 1.0 6.78115
 1.0 7.49162
 1.0 6.78435
 1.0 6.61135
 1.0 5.79488
 1.0 6.60974
 1.0 8.04325
 1.0 9.0005
 1.0 8.77959
 1.0 7.48764
 1.0 7.63832
 1.0 8.99224
 1.0 9.11957
 2.0 10.5778
 1.0 10.97284
 2.0 10.8672
 1.0 9.45342
 1.0 9.65749
 1.0 10.39143
 1.0 9.65202
 1.0 10.68098
 1.0 10.26985
 1.0 11.51515
 1.0 11.41018
 1.0 12.78781
 1.0 13.17645
 1.0 13.26598
 1.0 11.94316
 1.0 10.96133
 1.0 9.6442
 1.0 9.10725
 1.0 8.97849
 1.0 8.7608
 1.0 7.47082
 1.0 7.62617
 1.0 6.31092
 1.0 6.611
 1.0 7.64698
 1.0 7.89226
 1.0 9.125
 1.0 8.99623
 1.0 8.0347
 1.0 6.60267
 1.0 6.77954
 1.0 7.48312
 1.0 8.77196
 1.0 9.66038
 1.0 10.97635
 1.0 11.96089
 1.0 11.53208
 1.0 10.28691
 1.0 9.1253
 1.0 7.89366
 1.0 8.42091
 1.0 7.49383
 1.0 7.23044
 1.0 6.61015
 1.0 7.64588
 1.0 9.0008
 1.0 10.09885
 1.0 9.98014
 1.0 8.77676
 1.0 8.99193
 1.0 10.39368
 1.0 12.05283
 1.0 12.46351
 1.0 12.30782
 1.0 10.9748
 1.0 11.69257
 1.0 10.96998
 1.0 11.95063
 1.0 11.51733
 1.0 12.70169
 1.0 12.54477
 1.0 13.86587
 1.0 14.1705
 1.0 14.30824
 1.0 13.03163
 1.0 11.94478
 1.0 10.67626
 1.0 10.26955
 1.0 10.07867
 2.0 9.96331
 1.0 8.76207
 2.0 8.98159
 4.0 6.59033
 3.0 6.76551
 4.0 5.57041
 2.0 4.57648
 1.0 6.37107
 1.0 6.30958
 1.0 7.49209
 1.0 7.64153
 2.0 8.99558
 1.0 9.12384
 1.0 8.27187
 1.0 6.77551
 1.0 6.60432
 1.0 7.21858
 1.0 8.63821
 1.0 9.45723
 1.0 10.87001
 1.0 11.79765
 3.0 11.43043
 1.0 10.09583
 1.0 8.9962
 1.0 7.64262
 1.0 7.89646
 1.0 6.78521
 1.0 6.61099
 1.0 6.30693
 1.0 7.48985
 2.0 8.78052
 3.0 9.98123
 1.0 10.09449
 1.0 8.99315
 1.0 9.45291
 1.0 10.86676
 1.0 10.9726
 1.0 12.4633
 1.0 12.80049
 2.0 12.46348
 1.0 10.97281
 1.0 10.86717
 1.0 11.52456
 1.0 10.86256
 1.0 11.78653
 1.0 11.41529
 1.0 12.54764
 1.0 12.45138
 1.0 13.72509
 1.0 13.86585
 1.0 13.95115
 1.0 12.69991
 1.0 11.51463
 1.0 10.26873
 1.0 10.07895
 1.0 9.96219
 2.0 10.07922
 1.0 8.98065
 1.0 9.44482
 4.0 8.62977
 2.0 7.20889
 2.0 7.47379
 1.0 6.28964
 1.0 7.64596
 1.0 7.49208
 1.0 8.78118
 1.0 10.39737
 1.0 10.58201
 1.0 9.77769
 1.0 8.27221
 1.0 8.03709
 1.0 8.63949
 1.0 10.09004
 1.0 10.87128
 1.0 12.31096
 1.0 13.19631
 1.0 12.80828
 1.0 11.43091
 1.0 10.39817
 1.0 8.99681
 1.0 9.12953
 1.0 7.89785
 1.0 7.64731
 1.0 7.48984
 1.0 8.77927
 2.0 11.26099
 1.0 11.42925
 1.0 10.39474
 1.0 10.86626
 1.0 12.30698
 1.0 12.46308
 1.0 13.96144
 1.0 14.31766
 1.0 13.96179
 1.0 12.30778
 1.0 12.9521
 1.0 12.30371
 1.0 13.18574
 1.0 12.79433
 1.0 13.87027
 1.0 13.72672
 1.0 14.94387
 1.0 15.02176
 1.0 15.15194
 1.0 13.95274
 1.0 12.70121
 3.0 11.51632
 3.0 11.4155
 1.0 11.2436
 1.0 10.38364
 1.0 10.85919
 2.0 10.08143
 1.0 8.76429
 1.0 8.82734
 1.0 8.78306
 1.0 9.98347
 1.0 10.09555
 1.0 11.53164
 1.0 10.58044
 1.0 9.12293
 1.0 9.45694
 1.0 10.8695
 1.0 11.79741
 1.0 13.19463
 1.0 14.18937
 2.0 13.88535
 1.0 12.56451
 1.0 11.43092
 2.0 10.09638
 1.0 10.29067
 1.0 9.13104
 1.0 9.00202
 1.0 9.98124
 2.0 11.26196
 3.0 12.47262
 1.0 12.563
 1.0 11.4278
 1.0 11.79255
 1.0 13.19091
 1.0 13.27824
 1.0 14.74634
 1.0 15.0324
 2.0 14.74667
 1.0 13.27861
 1.0 13.19166
 1.0 13.73827
 1.0 12.95017
 1.0 13.73441
 1.0 13.18363
 1.0 14.17542
 1.0 13.86807
 1.0 15.02214
 1.0 15.15103
 1.0 15.43176
 1.0 14.31037
 1.0 13.03375
 1.0 11.9471
 1.0 11.78391
 1.0 11.41526
 1.0 11.51705
 1.0 10.56874
 1.0 10.96538
 3.0 10.27144
 1.0 8.76302
 1.0 10.09947
 1.0 9.98346
 1.0 11.26297
 1.0 12.80807
 1.0 12.95841
 1.0 12.05538
 1.0 10.58097
 1.0 10.39871
 1.0 10.87077
 1.0 12.31029
 1.0 13.19589
 1.0 14.61876
 1.0 15.57252
 1.0 15.24491
 1.0 13.88574
 1.0 12.80871
 1.0 11.4314
 1.0 11.53686
 1.0 10.29174
 1.0 10.10048
 1.0 13.74621
 1.0 13.88399
 1.0 12.80529
 1.0 13.1905
 1.0 14.61446
 1.0 14.74616
 1.0 16.22496
 1.0 16.53248
 1.0 16.22543
 1.0 14.6155
 1.0 15.16206
 1.0 14.39792
 1.0 15.15857
 1.0 14.60826
 1.0 15.55926
 1.0 15.2288
 1.0 16.33441
 1.0 16.40586
 1.0 16.71206
 1.0 15.63282
 1.0 14.31153
 1.0 13.27099
 1.0 13.18317
 2.0 12.79408
 1.0 12.94497
 1.0 12.04463
 1.0 12.45649
 1.0 11.78439
 1.0 11.299
 1.0 11.26443
 1.0 12.47486
 2.0 12.56429
 1.0 13.88536
 1.0 13.9688
 1.0 12.95692
 1.0 11.53093
 1.0 11.43214
 1.0 11.79718
 1.0 13.19421
 1.0 14.18918
 1.0 15.57092
 1.0 16.61043
 1.0 16.35131
 1.0 15.04069
 2.0 13.88576
 1.0 12.56496
 1.0 12.72225
 1.0 11.53806
 1.0 11.43598
 1.0 13.747
 1.0 14.96401
 1.0 15.03906
 1.0 13.88259
 1.0 14.18397
 1.0 15.56688
 1.0 15.64095
 1.0 17.08769
 1.0 17.33516
 1.0 17.08814
 1.0 15.64143
 1.0 15.56786
 1.0 16.03366
 1.0 15.16024
 1.0 15.8354
 1.0 15.15656
 1.0 16.02672
 1.0 15.55712
 1.0 16.59413
 1.0 16.71107
 1.0 17.14812
 2.0 16.1462
 1.0 14.81839
 2.0 13.87205
 1.0 13.73135
 2.0 13.18275
 1.0 13.27057
 2.0 12.45626
 1.0 12.79409
 2.0 12.20435
 1.0 10.67835
 1.0 8.76303
 2.0 8.26132
 1.0 6.76347
 3.0 7.20851
 1.0 11.53767
 1.0 11.43578
 1.0 12.56808
 3.0 12.47151
 1.0 13.745
 1.0 13.8856
 1.0 12.80703
 1.0 11.43049
 1.0 11.26174
 1.0 11.43018
 1.0 12.80676
 1.0 15.24382
 1.0 16.35147
 1.0 16.23229
 2.0 14.9629
 1.0 13.7452
 1.0 12.56781
 1.0 11.43525
 1.0 11.53592
 1.0 11.43189
 1.0 12.56475
 1.0 13.88655
 1.0 15.04088
 1.0 15.16709
 1.0 13.96581
 1.0 14.32003
 1.0 15.6415
 1.0 15.56632
 1.0 16.97382
 1.0 17.08718
 1.0 16.79028
 1.0 15.36615
 1.0 15.24032
 1.0 15.56695
 1.0 14.61302
 1.0 15.15949
 1.0 14.3954
 1.0 15.156
 1.0 14.60577
 1.0 15.55675
 1.0 15.63176
 1.0 15.23151
 1.0 13.0361
 1.0 12.94627
 1.0 12.29982
 1.0 11.78415
 1.0 11.78392
 1.0 10.27091
 1.0 9.76789
 3.0 7.47231
 1.0 11.83634
 1.0 11.53693
 1.0 12.72145
 1.0 12.56476
 1.0 13.88578
 1.0 14.19003
 1.0 13.19555
 1.0 11.79821
 1.0 11.4329
 1.0 11.53234
 1.0 12.95859
 1.0 13.96995
 1.0 15.37195
 1.0 16.42371
 1.0 16.35217
 1.0 15.04089
 1.0 13.88617
 1.0 12.56454
 2.0 12.47484
 1.0 11.26368
 1.0 11.43335
 1.0 11.53211
 2.0 12.71751
 1.0 13.96937
 1.0 15.16891
 1.0 15.44557
 1.0 14.32196
 1.0 14.82549
 1.0 16.15392
 1.0 16.03306
 1.0 17.44763
 1.0 17.5139
 1.0 17.08863
 1.0 15.64197
 1.0 15.36758
 1.0 15.64229
 1.0 14.74607
 1.0 15.2372
 1.0 14.53082
 1.0 15.23409
 1.0 14.73964
 1.0 15.6332
 1.0 15.55888
 1.0 16.02738
 2.0 15.15671
 1.0 13.73316
 2.0 12.94819
 1.0 13.0376
 2.0 12.45804
 1.0 12.79582
 2.0 12.20616
 1.0 12.79561
 2.0 12.45761
 1.0 10.96641
 1.0 10.57033
 1.0 9.11091
 1.0 7.62618
 2.0 7.876
 1.0 8.40142
 1.0 7.47306
 1.0 6.28922
 1.0 12.31894
 1.0 11.96652
 1.0 13.05285
 1.0 12.71839
 1.0 13.96938
 1.0 14.32643
 1.0 13.28412
 1.0 11.96238
 1.0 11.53478
 1.0 11.43143
 1.0 12.80852
 1.0 13.88657
 1.0 15.24547
 1.0 16.35268
 1.0 16.42323
 1.0 15.16909
 1.0 13.96958
 1.0 12.56674
 1.0 11.43311
 1.0 11.79933
 1.0 11.96048
 1.0 13.04794
 1.0 14.32504
 1.0 15.44699
 1.0 15.76832
 2.0 14.61654
 1.0 15.16181
 1.0 16.41599
 1.0 16.15355
 1.0 17.51424
 1.0 17.44729
 1.0 16.9746
 1.0 15.56736
 1.0 15.2407
 1.0 15.36685
 1.0 14.40005
 1.0 14.7455
 1.0 13.95916
 1.0 14.53043
 1.0 13.95596
 1.0 14.73944
 1.0 14.60747
 1.0 14.39556
 1.0 12.9482
 1.0 12.30321
 1.0 12.45961
 1.0 11.78603
 1.0 11.7858
 1.0 12.30097
 1.0 10.85972
 1.0 10.38499
 1.0 9.11031
 1.0 8.40009
 1.0 8.9813
 1.0 8.02317
 1.0 7.04515
 1.0 11.29804
 1.0 10.98348
 2.0 11.96489
 1.0 11.53235
 1.0 12.71708
 1.0 13.04903
 1.0 11.96074
 1.0 10.69332
 1.0 10.28806
 1.0 10.09558
 1.0 11.42997
 2.0 12.56431
 1.0 13.88497
 1.0 15.04052
 1.0 15.16855
 1.0 13.96857
 1.0 12.71707
 1.0 11.53114
 1.0 11.43213
 1.0 10.39923
 1.0 10.87233
 1.0 10.97689
 1.0 11.95954
 1.0 13.28282
 1.0 14.32406
 1.0 14.61729
 1.0 13.42494
 1.0 13.96146
 1.0 15.16143
 1.0 14.82471
 1.0 16.1532
 1.0 16.03233
 1.0 15.56646
 1.0 14.1837
 1.0 13.88032
 1.0 13.96334
 1.0 12.95211
 1.0 13.27689
 1.0 12.46054
 1.0 12.4574
 1.0 13.27101
 1.0 13.18318
 1.0 13.73256
 2.0 12.94755
 2.0 11.52042
 1.0 10.862
 1.0 10.96842
 3.0 10.27306
 1.0 10.68016
 1.0 10.2728
 1.0 10.96666
 1.0 10.85997
 1.0 9.44542
 1.0 8.98252
 1.0 7.6269
 1.0 7.47083
 1.0 8.02214
 1.0 7.04358
 3.0 6.28745
 1.0 5.56744
 1.0 10.98525
 1.0 10.87769
 1.0 11.80239
 1.0 11.43165
 1.0 12.7184
 1.0 11.53189
 1.0 10.28725
 1.0 10.09861
 1.0 9.98012
 1.0 11.25902
 1.0 13.74439
 1.0 15.04033
 1.0 13.88556
 1.0 12.56409
 1.0 11.43068
 1.0 11.53448
 1.0 10.58561
 1.0 10.98064
 1.0 10.87206
 1.0 11.79767
 1.0 13.19632
 1.0 14.18919
 1.0 14.32348
 1.0 13.04517
 1.0 13.42432
 1.0 14.6152
 1.0 14.3198
 1.0 15.64146
 1.0 15.56647
 1.0 15.23979
 1.0 13.88033
 1.0 13.7407
 1.0 13.8805
 1.0 12.80216
 1.0 13.18953
 1.0 12.30437
 1.0 12.94886
 1.0 12.30098
 1.0 13.18319
 1.0 13.27141
 1.0 13.87325
 1.0 13.03717
 2.0 11.68777
 1.0 10.96867
 1.0 10.86174
 1.0 10.0828
 1.0 9.76959
 1.0 10.27253
 2.0 10.08171
 2.0 8.62978
 1.0 8.02454
 1.0 6.76388
 1.0 7.04357
 1.0 6.28701
 1.0 5.20748
 1.0 12.3516
 1.0 12.31887
 1.0 13.20138
 1.0 12.81001
 1.0 13.88616
 1.0 13.97058
 1.0 12.71797
 1.0 11.53454
 1.0 11.43458
 1.0 11.26073
 1.0 12.4704
 1.0 13.74559
 1.0 14.96179
 1.0 16.23245
 1.0 16.35166
 1.0 15.24546
 1.0 12.80893
 1.0 12.96156
 1.0 12.06082
 1.0 12.4717
 1.0 12.31345
 1.0 13.19674
 1.0 14.62085
 1.0 15.57271
 1.0 15.64572
 1.0 14.3229
 1.0 14.61614
 1.0 15.7662
 1.0 15.44231
 1.0 16.72164
 1.0 16.60458
 1.0 16.34619
 1.0 15.03532
 1.0 14.9584
 1.0 15.0351
 1.0 13.8789
 1.0 14.18209
 1.0 13.18743
 1.0 13.73401
 1.0 12.94629
 1.0 13.73056
 1.0 13.87126
 1.0 14.60842
 1.0 13.87306
 1.0 12.55182
 1.0 11.95036
 1.0 11.78651
 1.0 10.86047
 1.0 10.96664
 1.0 10.57032
 1.0 10.96615
 1.0 10.85946
 1.0 9.44512
 1.0 6.28744
 2.0 7.04356
 1.0 7.47157
 2.0 6.76346
 2.0 6.58906
 1.0 4.98054
 1.0 12.32067
 1.0 12.47593
 1.0 13.2899
 1.0 12.96113
 1.0 13.97034
 1.0 13.88757
 1.0 12.56499
 1.0 11.43386
 1.0 11.53666
 2.0 11.43211
 1.0 12.56341
 3.0 13.88614
 1.0 15.03922
 2.0 16.35148
 1.0 16.42287
 1.0 15.37266
 1.0 13.96975
 1.0 12.96028
 1.0 13.28757
 1.0 12.47323
 1.0 12.81083
 1.0 12.47147
 2.0 13.28591
 2.0 14.75418
 1.0 15.64835
 1.0 15.57217
 1.0 14.18802
 1.0 14.32232
 1.0 15.44393
 1.0 15.16432
 1.0 16.41797
 1.0 16.34621
 1.0 16.22781
 1.0 14.95841
 1.0 15.03677
 1.0 15.16426
 1.0 13.96314
 1.0 14.31875
 1.0 13.27584
 1.0 13.87488
 1.0 13.03613
 1.0 13.87128
 1.0 14.1758
 1.0 14.94981
 1.0 14.17736
 1.0 12.94756
 2.0 12.30231
 1.0 11.9499
 1.0 10.96741
 1.0 10.86021
 1.0 10.38525
 1.0 10.5698
 1.0 10.38445
 1.0 8.02419
 1.0 5.56791
 1.0 7.47156
 1.0 7.20735
 1.0 6.58948
 1.0 5.20854
 2.0 5.56891
 2.0 4.57465
 1.0 11.83907
 1.0 12.06518
 1.0 12.96541
 1.0 12.81128
 1.0 13.88773
 1.0 13.74803
 1.0 12.47264
 1.0 11.26322
 1.0 11.43576
 1.0 11.53398
 1.0 12.71747
 1.0 13.97052
 1.0 15.16852
 2.0 16.42353
 1.0 16.35283
 1.0 15.24707
 1.0 13.88734
 1.0 12.81106
 1.0 13.20132
 1.0 12.31857
 1.0 12.475
 1.0 12.06195
 1.0 12.9624
 1.0 14.40988
 2.0 15.37481
 1.0 15.24636
 1.0 13.88555
 1.0 13.96718
 1.0 15.16653
 1.0 15.03738
 1.0 16.34843
 1.0 16.4188
 1.0 16.3484
 1.0 15.03734
 1.0 15.16646
 1.0 15.44439
 1.0 14.32088
 1.0 14.82573
 1.0 13.87689
 1.0 14.61129
 1.0 13.87308
 1.0 14.81861
 1.0 15.15525
 1.0 15.83274
 1.0 14.95055
 1.0 13.73337
 1.0 12.55248
 1.0 10.86149
 1.0 10.96791
 1.0 10.57137
 3.0 9.11243
 1.0 8.26468
 2.0 6.76715
 1.0 6.59201
 1.0 5.21067
 1.0 6.76509
 1.0 6.59074
 1.0 5.77468
 1.0 5.77419
 2.0 4.57404
 3.0 3.5194
 1.0 12.8176
 1.0 12.9669
 1.0 13.97609
 2.0 13.88872
 1.0 15.04308
 1.0 14.96625
 1.0 13.74723
 1.0 12.47487
 1.0 12.56937
 1.0 12.71964
 1.0 13.96954
 1.0 15.1707
 1.0 16.42303
 1.0 17.63307
 1.0 17.52307
 1.0 16.35417
 1.0 15.04289
 1.0 14.1952
 1.0 13.20299
 1.0 13.29088
 1.0 12.96389
 1.0 13.97329
 1.0 15.37624
 1.0 16.42639
 1.0 16.35368
 1.0 15.04125
 1.0 15.16781
 1.0 16.42137
 1.0 16.34945
 1.0 17.69492
 1.0 17.80338
 1.0 17.69457
 1.0 16.34907
 1.0 16.42062
 1.0 16.72389
 1.0 15.64245
 1.0 16.15379
 1.0 15.23646
 1.0 15.95668
 1.0 15.23245
 1.0 16.14622
 1.0 16.4084
 1.0 17.08187
 1.0 16.22003
 1.0 14.95054
 1.0 14.17832
 1.0 13.87405
 1.0 13.03716
 1.0 12.45894
 1.0 12.0474
 1.0 10.5719
 1.0 9.7713
 1.0 8.26501
 1.0 8.02661
 3.0 6.59284
 2.0 6.76673
 1.0 7.88021
 1.0 7.6298
 1.0 6.10306
 1.0 4.57706
 2.0 2.91967
 1.0 12.84689
 1.0 12.81541
 1.0 13.89134
 1.0 13.74699
 2.0 14.964
 1.0 15.04238
 1.0 13.88618
 1.0 12.56632
 1.0 12.56472
 1.0 13.88474
 1.0 15.04104
 1.0 16.35096
 1.0 17.52164
 1.0 17.45539
 1.0 16.2338
 1.0 13.74678
 1.0 13.8897
 1.0 12.81342
 1.0 12.96388
 1.0 12.8115
 1.0 13.88793
 1.0 15.2478
 1.0 16.35366
 1.0 16.42304
 1.0 15.1678
 1.0 15.44484
 1.0 16.72398
 1.0 16.6066
 1.0 17.97594
 1.0 18.03966
 1.0 17.80195
 1.0 16.41827
 1.0 16.34769
 1.0 16.60552
 1.0 15.56587
 1.0 16.03122
 1.0 15.15783
 1.0 15.83258
 1.0 15.1538
 1.0 16.02358
 1.0 16.14414
 1.0 16.78208
 1.0 15.953
 1.0 14.60745
 1.0 13.87244
 1.0 13.73195
 1.0 12.94561
 1.0 13.03524
 1.0 12.45737
 1.0 12.79538
 1.0 12.45782
 1.0 10.9669
 1.0 8.7646
 1.0 8.63105
 1.0 7.21003
 1.0 7.47452
 1.0 8.40404
 1.0 7.8795
 1.0 6.76714
 1.0 6.59241
 1.0 5.77708
 1.0 4.31648
 1.0 3.84105
 3.0 2.4936
 1.0 1.52598
 1.0 13.97772
 1.0 13.89293
 1.0 15.04678
 3.0 14.9651
 1.0 16.23432
 1.0 16.35422
 1.0 15.2464
 1.0 13.88818
 1.0 13.74923
 1.0 13.88653
 1.0 15.2449
 1.0 16.35281
 1.0 17.69725
 1.0 18.82571
 1.0 18.72273
 1.0 17.45649
 1.0 16.23449
 1.0 15.04526
 1.0 13.89109
 1.0 13.97467
 1.0 13.88932
 1.0 15.04363
 1.0 16.35502
 1.0 17.52401
 1.0 17.63277
 1.0 16.42254
 1.0 16.72514
 1.0 18.04262
 1.0 17.97687
 1.0 19.36958
 1.0 19.46842
 1.0 19.20793
 1.0 17.80273
 1.0 17.69376
 1.0 17.97525
 1.0 16.97357
 1.0 17.44562
 1.0 16.59966
 1.0 17.26278
 1.0 16.59547
 1.0 17.43765
 1.0 17.50412
 1.0 18.13725
 1.0 17.32847
 1.0 15.95299
 1.0 15.23223
 1.0 15.15578
 1.0 14.39304
 1.0 14.52733
 1.0 13.95592
 1.0 14.31289
 1.0 13.95673
 1.0 12.45827
 1.0 11.78627
 1.0 10.27332
 1.0 10.08335
 2.0 8.63169
 2.0 8.76618
 1.0 9.65225
 1.0 9.11425
 1.0 7.88161
 1.0 7.63088
 1.0 6.59451
 1.0 5.21438
 1.0 4.31904
 1.0 2.92632
 1.0 14.22447
 1.0 13.97551
 1.0 15.17402
 1.0 15.04142
 1.0 16.35198
 1.0 16.6118
 1.0 15.57239
 1.0 14.1908
 1.0 13.88816
 1.0 13.96874
 4.0 15.37049
 2.0 16.42268
 1.0 17.80555
 1.0 18.88643
 1.0 18.82498
 1.0 17.52179
 1.0 16.35232
 1.0 15.04123
 1.0 14.96619
 1.0 13.74898
 1.0 13.88931
 1.0 13.97113
 1.0 15.17035
 1.0 16.42437
 1.0 17.63275
 1.0 17.87163
 1.0 16.72513
 1.0 17.15861
 1.0 18.48711
 1.0 18.38069
 1.0 19.78413
 1.0 19.84176
 1.0 19.46697
 1.0 18.03917
 1.0 17.8013
 1.0 18.03806
 1.0 17.08564
 1.0 17.51032
 1.0 16.71424
 1.0 17.32817
 1.0 16.71008
 1.0 17.50238
 1.0 17.43556
 1.0 18.02816
 1.0 17.25953
 1.0 15.82921
 1.0 15.15413
 1.0 15.23095
 1.0 14.52542
 1.0 14.81651
 1.0 14.31133
 1.0 14.81764
 1.0 14.52772
 1.0 13.03546
 2.0 12.45715
 1.0 10.96613
 1.0 10.86046
 2.0 9.44628
 2.0 9.65053
 1.0 10.38764
 1.0 9.65139
 1.0 8.40568
 1.0 7.88091
 1.0 6.76919
 1.0 5.57488
 1.0 4.58253
 1.0 3.53043
 1.0 2.92538
 1.0 13.0554
 1.0 12.72317
 1.0 13.97374
 1.0 15.24527
 1.0 15.57327
 1.0 14.61957
 1.0 13.19679
 1.0 12.81046
 1.0 12.95835
 1.0 14.40489
 1.0 15.37192
 1.0 16.79539
 1.0 17.80694
 1.0 17.69772
 1.0 16.35214
 1.0 15.24581
 1.0 13.74858
 1.0 12.4748
 1.0 12.56736
 1.0 12.71879
 1.0 13.97014
 1.0 15.16998
 1.0 16.72612
 1.0 15.64466
 1.0 16.15528
 1.0 17.51567
 1.0 17.44809
 1.0 18.87984
 1.0 18.98138
 1.0 18.54752
 1.0 17.08827
 1.0 16.79089
 1.0 17.08742
 1.0 16.22297
 1.0 16.71639
 1.0 16.02653
 1.0 16.71257
 1.0 16.21508
 1.0 17.07618
 1.0 16.96206
 1.0 17.43761
 1.0 16.59493
 1.0 15.15302
 1.0 14.39245
 1.0 14.52694
 1.0 13.95332
 2.0 14.31055
 2.0 13.73032
 1.0 14.31172
 1.0 13.95573
 1.0 12.04555
 1.0 10.56979
 1.0 10.38551
 1.0 8.98281
 1.0 9.6514
 1.0 7.47675
 1.0 6.76796
 1.0 5.57388
 1.0 4.58071
 1.0 3.52886
 1.0 2.92824
 1.0 2.49473
 2.0 1.52418
 1.0 3.83527
 2.0 4.57406
 1.0 13.55025
 1.0 13.05326
 1.0 14.32891
 1.0 14.1888
 1.0 15.57111
 1.0 16.03825
 1.0 15.16527
 1.0 13.74262
 1.0 13.19677
 1.0 13.28217
 1.0 14.74968
 1.0 15.64586
 1.0 17.09202
 1.0 18.04395
 1.0 17.97932
 1.0 16.60975
 1.0 15.57182
 1.0 14.1886
 1.0 13.88732
 1.0 12.56581
 1.0 12.71878
 1.0 13.04813
 1.0 14.32483
 1.0 15.44697
 1.0 16.72611
 1.0 17.15956
 1.0 16.15526
 1.0 16.7895
 1.0 18.14505
 1.0 18.03676
 1.0 19.46502
 1.0 19.52372
 1.0 18.97989
 1.0 17.51259
 1.0 17.08679
 1.0 17.33346
 1.0 16.52904
 1.0 16.96782
 1.0 16.33628
 1.0 16.96405
 1.0 16.52129
 1.0 17.32238
 1.0 17.07405
 1.0 17.50235
 1.0 16.70971
 1.0 15.22784
 1.0 14.52503
 2.0 14.81632
 1.0 14.30841
 1.0 14.81501
 1.0 14.30997
 1.0 15.02452
 1.0 14.73886
 1.0 13.27036
 2.0 12.94476
 1.0 11.51704
 1.0 11.41672
 1.0 10.08088
 1.0 10.27279
 1.0 10.68146
 1.0 8.40503
 1.0 7.47601
 2.0 6.29361
 1.0 5.57489
 1.0 4.58315
 1.0 4.32229
 1.0 3.84325
 2.0 2.49251
 2.0 5.20855
 1.0 12.5668
 1.0 13.2868
 2.0 13.19506
 1.0 14.61839
 1.0 15.16599
 1.0 14.40225
 1.0 12.95542
 1.0 12.31213
 1.0 12.4666
 1.0 13.96456
 1.0 14.75098
 1.0 16.22934
 1.0 17.0933
 1.0 16.97917
 1.0 15.57144
 1.0 14.61933
 1.0 13.19505
 1.0 12.8102
 1.0 11.4321
 1.0 11.53256
 1.0 11.95976
 1.0 13.28281
 1.0 14.32424
 1.0 15.6457
 1.0 16.15629
 1.0 15.23893
 1.0 15.95837
 1.0 17.33422
 1.0 17.26609
 1.0 18.71177
 1.0 18.81436
 1.0 18.20689
 1.0 16.7181
 1.0 16.22384
 1.0 16.53071
 1.0 15.83293
 1.0 16.33831
 1.0 15.82924
 1.0 16.52363
 1.0 16.21301
 1.0 17.07438
 1.0 16.77626
 1.0 17.07614
 1.0 16.21486
 1.0 14.73581
 1.0 13.95271
 1.0 14.31015
 1.0 13.95152
 1.0 14.52426
 1.0 13.95313
 1.0 14.73791
 1.0 14.39266
 1.0 11.24534
 1.0 9.96443
 1.0 10.2736
 1.0 7.88022
 1.0 5.5734
 1.0 5.21441
 1.0 4.32037
 1.0 4.58256
 1.0 4.3178
 1.0 2.92161
 2.0 4.57223
 2.0 5.56792
 1.0 11.29633
 1.0 10.69589
 1.0 11.9635
 1.0 11.7965
 1.0 13.19422
 1.0 13.74179
 1.0 12.95413
 1.0 11.52757
 1.0 10.87133
 1.0 10.97585
 1.0 12.46615
 1.0 13.28278
 1.0 14.75042
 1.0 15.64638
 1.0 15.57145
 1.0 14.1882
 1.0 11.79625
 1.0 10.09664
 1.0 10.28586
 1.0 10.69016
 1.0 11.95907
 1.0 13.04686
 1.0 14.32366
 1.0 14.82733
 1.0 13.87819
 1.0 14.61141
 1.0 15.95749
 1.0 15.83478
 1.0 17.26544
 1.0 17.33208
 1.0 16.71744
 1.0 15.23595
 1.0 14.74493
 1.0 15.03064
 1.0 14.31408
 1.0 14.81915
 1.0 14.31038
 1.0 15.0236
 1.0 14.73415
 1.0 15.62766
 1.0 15.3523
 1.0 15.62977
 1.0 14.73638
 1.0 13.26802
 1.0 12.45467
 1.0 12.79297
 1.0 12.45311
 1.0 13.03182
 1.0 12.45423
 1.0 13.26889
 1.0 12.94411
 1.0 11.41477
 2.0 10.07866
 1.0 8.76112
 1.0 9.11061
 1.0 6.76552
 1.0 4.5777
 1.0 4.31651
 1.0 3.84253
 1.0 4.31845
 1.0 3.84036
 2.0 4.57284
 2.0 5.56693
 1.0 10.39852
 1.0 9.66333
 1.0 10.97969
 1.0 10.86977
 1.0 12.30985
 1.0 12.95476
 1.0 12.30673
 1.0 10.86624
 1.0 10.09091
 1.0 10.2799
 1.0 11.7927
 1.0 12.46747
 1.0 13.96554
 1.0 14.75172
 1.0 14.61894
 1.0 13.19462
 1.0 12.31097
 1.0 10.86976
 1.0 10.39921
 1.0 8.9968
 1.0 9.1235
 1.0 9.65757
 1.0 10.97537
 1.0 11.95837
 1.0 13.28156
 1.0 13.87918
 1.0 13.04007
 1.0 13.87381
 1.0 15.2342
 1.0 15.15719
 1.0 16.59958
 1.0 16.71563
 1.0 16.02917
 1.0 14.53085
 1.0 13.95975
 1.0 14.31582
 1.0 13.73217
 1.0 14.3125
 1.0 13.95295
 1.0 14.73659
 1.0 14.60174
 1.0 15.55314
 1.0 15.22563
 1.0 15.35445
 1.0 14.39011
 1.0 12.94235
 1.0 12.04274
 1.0 12.45489
 1.0 12.2964
 1.0 12.94237
 2.0 12.29754
 1.0 13.18105
 1.0 12.79342
 1.0 11.41476
 1.0 10.26926
 1.0 8.97942
 1.0 9.10878
 1.0 8.98129
 1.0 7.62654
 1.0 6.59034
 2.0 4.31458
 1.0 4.5771
 1.0 4.31652
 1.0 5.21284
 1.0 4.9828
 1.0 5.56692
 1.0 6.76224
 1.0 7.87529
 1.0 10.13607
 1.0 9.46287
 1.0 10.87592
 1.0 10.97914
 1.0 12.46949
 1.0 13.04709
 1.0 12.46575
 1.0 10.97489
 1.0 10.28371
 1.0 10.68933
 2.0 12.21532
 1.0 12.80802
 1.0 14.32497
 1.0 15.04138
 1.0 12.47082
 1.0 10.58822
 1.0 9.12984
 1.0 9.45875
 1.0 10.87285
 1.0 11.79909
 1.0 13.19759
 1.0 13.74239
 1.0 12.95412
 1.0 13.73656
 1.0 15.16088
 1.0 15.2371
 1.0 16.71931
 1.0 16.97231
 1.0 16.34414
 1.0 14.82483
 1.0 14.31971
 1.0 14.82496
 1.0 14.31601
 1.0 15.02933
 2.0 14.73961
 1.0 15.63316
 1.0 15.55565
 1.0 16.59292
 1.0 16.33384
 1.0 16.40699
 1.0 15.35735
 1.0 13.95409
 1.0 12.94536
 1.0 13.27158
 1.0 13.18187
 1.0 13.7303
 1.0 12.94559
 1.0 13.73153
 2.0 13.18443
 1.0 11.78531
 1.0 11.94872
 1.0 10.67911
 1.0 10.27225
 1.0 8.98221
 1.0 8.76525
 2.0 7.47528
 1.0 6.29142
 1.0 4.98389
 1.0 3.84035
 1.0 4.31587
 1.0 3.83965
 1.0 4.98281
 1.0 5.20963
 2.0 5.20696
 1.0 5.56592
 1.0 7.47008
 1.0 8.39909
 1.0 7.87458
 1.0 11.53601
 1.0 10.87771
 1.0 12.31754
 1.0 12.47038
 1.0 13.96834
 1.0 14.54007
 1.0 13.96501
 1.0 12.46665
 1.0 11.79697
 1.0 13.74131
 1.0 14.32535
 1.0 15.844
 1.0 16.54181
 1.0 16.23361
 1.0 14.75474
 1.0 13.96973
 1.0 12.47126
 1.0 12.06379
 1.0 10.58874
 1.0 10.87412
 1.0 12.31482
 1.0 13.19885
 1.0 14.62275
 1.0 15.16763
 1.0 14.4032
 1.0 15.16217
 1.0 16.60446
 1.0 16.72015
 1.0 18.20953
 1.0 18.48376
 1.0 17.86505
 1.0 16.34464
 1.0 15.83872
 1.0 16.34408
 1.0 15.83468
 1.0 16.529
 1.0 16.21798
 1.0 17.07925
 1.0 16.96239
 1.0 17.96129
 1.0 17.67813
 1.0 17.78966
 1.0 16.78071
 1.0 15.35589
 1.0 14.39203
 1.0 14.7392
 1.0 14.60514
 1.0 15.15356
 1.0 14.39302
 1.0 15.15541
 1.0 14.60897
 1.0 13.27224
 1.0 11.94849
 1.0 11.5197
 1.0 10.27252
 1.0 10.08309
 1.0 9.9689
 1.0 8.76746
 1.0 7.47751
 1.0 4.98612
 1.0 5.21389
 1.0 4.31781
 1.0 5.21285
 1.0 5.56994
 1.0 4.57286
 1.0 5.56494
 4.0 6.28435
 2.0 7.04198
 2.0 8.02005
 1.0 8.97913
 1.0 8.3991
 2.0 7.8753
 1.0 12.35052
 1.0 11.80357
 1.0 13.20097
 1.0 13.28467
 1.0 14.75232
 1.0 15.24421
 1.0 14.53741
 1.0 13.04583
 1.0 12.46974
 1.0 12.805
 1.0 14.32188
 1.0 15.03881
 1.0 16.53847
 1.0 17.34293
 1.0 17.0951
 1.0 15.64833
 1.0 14.75344
 1.0 13.28529
 1.0 12.96346
 1.0 11.5366
 1.0 11.43478
 1.0 11.79979
 1.0 13.19801
 1.0 14.19153
 1.0 15.57431
 1.0 16.03875
 1.0 15.16507
 1.0 15.83884
 1.0 17.26933
 1.0 17.33548
 1.0 18.81719
 1.0 19.0416
 1.0 18.48358
 1.0 16.9731
 1.0 16.53341
 1.0 16.97207
 1.0 16.34019
 1.0 16.9678
 1.0 16.52464
 1.0 17.32558
 1.0 17.07455
 1.0 18.02385
 1.0 17.78531
 1.0 18.02582
 1.0 17.07663
 1.0 15.6294
 1.0 14.73656
 1.0 15.02412
 1.0 14.73543
 1.0 15.2282
 1.0 14.52541
 1.0 15.23022
 1.0 13.27098
 1.0 11.78367
 1.0 11.41721
 1.0 10.08115
 1.0 9.96667
 1.0 10.08474
 1.0 8.9856
 1.0 7.63163
 1.0 6.59453
 1.0 5.21494
 1.0 4.98613
 1.0 3.84398
 1.0 4.5759
 1.0 3.51786
 1.0 4.5686
 1.0 5.56293
 1.0 7.04041
 1.0 7.47009
 1.0 5.56694
 1.0 11.80573
 1.0 11.43773
 1.0 12.81479
 1.0 12.96114
 1.0 14.40817
 1.0 14.75442
 1.0 13.9674
 1.0 12.46977
 1.0 12.0604
 1.0 12.46903
 1.0 13.96674
 1.0 14.7538
 1.0 16.2319
 1.0 17.09638
 1.0 16.79886
 1.0 14.40913
 1.0 12.96199
 1.0 12.81494
 1.0 11.43765
 1.0 11.26636
 1.0 11.4348
 1.0 12.81239
 1.0 13.88974
 1.0 15.24909
 1.0 15.57433
 1.0 14.62012
 1.0 15.1651
 1.0 16.60697
 1.0 16.72231
 1.0 18.21137
 1.0 18.48527
 1.0 18.03948
 1.0 16.53512
 1.0 16.2276
 1.0 16.72088
 1.0 16.03069
 1.0 16.71655
 1.0 16.21867
 1.0 17.07959
 1.0 16.77861
 1.0 17.78752
 1.0 17.67799
 1.0 17.96313
 1.0 16.9645
 1.0 15.5567
 1.0 14.60609
 1.0 14.73902
 1.0 14.39109
 1.0 14.73808
 1.0 13.95492
 1.0 14.52771
 1.0 13.95672
 1.0 12.30117
 1.0 10.85995
 1.0 10.38631
 1.0 8.98344
 1.0 8.7662
 1.0 8.98684
 1.0 8.02868
 1.0 6.5958
 1.0 5.77996
 1.0 4.3197
 1.0 3.84324
 1.0 2.49586
 1.0 2.92353
 1.0 3.52101
 1.0 2.91399
 2.0 5.20374
 1.0 5.56493
 1.0 7.04199
 2.0 6.28612
 2.0 4.31199
 1.0 10.44174
 1.0 10.10107
 1.0 11.43555
 1.0 11.53303
 1.0 12.95986
 1.0 13.28534
 1.0 12.46843
 1.0 10.97843
 1.0 10.5846
 1.0 10.9781
 1.0 12.46814
 1.0 13.28507
 1.0 14.75249
 1.0 15.64868
 1.0 15.37337
 1.0 13.97072
 1.0 12.96071
 1.0 11.53375
 1.0 11.43597
 1.0 10.10128
 1.0 9.98454
 1.0 10.09776
 1.0 11.43286
 1.0 12.5665
 1.0 13.88775
 1.0 14.18961
 1.0 13.19467
 1.0 13.73979
 1.0 15.16363
 1.0 15.23947
 1.0 16.72131
 1.0 16.97395
 1.0 16.53445
 1.0 15.03439
 1.0 14.74832
 1.0 15.239
 1.0 14.53234
 1.0 15.23516
 1.0 14.74038
 1.0 15.63353
 1.0 15.35522
 1.0 16.40483
 1.0 16.33368
 1.0 16.59475
 1.0 15.55777
 1.0 14.17457
 1.0 13.18272
 1.0 13.27138
 1.0 12.94452
 1.0 13.27076
 2.0 12.45713
 1.0 13.03609
 1.0 12.45849
 1.0 10.9674
 1.0 10.86097
 1.0 9.44657
 1.0 8.98406
 1.0 7.62872
 1.0 7.63091
 1.0 6.59412
 1.0 5.21388
 1.0 4.31777
 1.0 2.92444
 1.0 2.49474
 1.0 1.52967
 1.0 2.49365
 1.0 4.57283
 1.0 5.56742
 1.0 6.28788
 1.0 5.56842
 1.0 4.57708
 1.0 2.92157
 1.0 10.6967
 1.0 10.28912
 1.0 11.53428
 1.0 11.42898
 1.0 12.80634
 1.0 13.19468
 1.0 12.30945
 1.0 10.86983
 1.0 10.39739
 1.0 10.57986
 1.0 12.0544
 1.0 12.95706
 1.0 14.40374
 1.0 15.37048
 1.0 15.24363
 1.0 13.88394
 1.0 12.80698
 1.0 11.42897
 1.0 11.2612
 1.0 9.9812
 1.0 10.28425
 1.0 11.53042
 1.0 12.71618
 1.0 13.96757
 1.0 14.32214
 1.0 13.27908
 1.0 13.87701
 1.0 15.23695
 1.0 15.15958
 1.0 16.6016
 1.0 16.71731
 1.0 16.22319
 1.0 14.74459
 1.0 14.39908
 1.0 14.74416
 1.0 13.95756
 1.0 14.52851
 1.0 13.95376
 1.0 14.73698
 1.0 14.38803
 1.0 15.35232
 1.0 15.22547
 1.0 15.55493
 2.0 14.60382
 1.0 13.17978
 1.0 12.45468
 1.0 12.04161
 1.0 12.45379
 1.0 11.78225
 1.0 12.45492
 2.0 12.04394
 3.0 10.56822
 1.0 10.38337
 1.0 8.76271
 1.0 7.62691
 1.0 7.87812
 1.0 6.76512
 1.0 5.57093
 3.0 4.57649
 1.0 3.52416
 1.0 2.92351
 1.0 2.49587
 1.0 2.92637
 1.0 2.49364
 1.0 1.52603
 1.0 2.91588
 1.0 3.51941
 1.0 5.56892
 2.0 4.31713
 1.0 3.84178
 3.0 2.92348
 1.0 11.83492
 1.0 11.53524
 1.0 12.71926
 1.0 12.56165
 1.0 13.88236
 1.0 14.18689
 1.0 13.19217
 1.0 11.79514
 1.0 11.42949
 1.0 11.52799
 1.0 12.95408
 1.0 13.96577
 1.0 15.36761
 1.0 16.41964
 1.0 16.34876
 1.0 15.03774
 1.0 13.88276
 1.0 12.56143
 1.0 12.47148
 1.0 11.2607
 1.0 11.43139
 1.0 11.53041
 1.0 12.71531
 1.0 13.96737
 1.0 15.16652
 1.0 15.4434
 1.0 14.31962
 1.0 14.82342
 1.0 16.15151
 1.0 16.02993
 1.0 17.44428
 1.0 17.50993
 1.0 17.08439
 1.0 15.63788
 1.0 15.36323
 1.0 15.6373
 1.0 14.74079
 1.0 15.23136
 1.0 14.5247
 1.0 15.22752
 1.0 14.73285
 1.0 15.62608
 1.0 15.55156
 1.0 16.02027
 1.0 15.14992
 1.0 13.72628
 1.0 12.94175
 1.0 13.03141
 1.0 12.45157
 1.0 12.78974
 2.0 12.2007
 1.0 12.79062
 1.0 12.45337
 1.0 10.96235
 2.0 10.56612
 1.0 9.10695
 1.0 8.97912
 1.0 7.62399
 1.0 8.40075
 1.0 3.52415
 1.0 2.9254
 1.0 2.49697
 1.0 1.52784
 1.0 0.00805
 1.0 1.51872
 2.0 2.48358
 2.0 2.91494
 1.0 3.51784
 3.0 3.83818
 1.0 2.49027
 2.0 2.49472
 1.0 1.52963
 1.0 2.92349
 1.0 13.05308
 1.0 12.721
 1.0 13.97136
 1.0 13.88356
 1.0 15.24255
 1.0 15.57043
 1.0 13.19386
 1.0 12.80765
 1.0 12.95537
 1.0 14.40182
 1.0 15.36905
 1.0 16.79243
 1.0 17.80415
 1.0 17.69507
 1.0 16.3496
 1.0 15.24309
 1.0 13.88355
 1.0 13.74617
 1.0 12.47258
 1.0 12.56538
 1.0 12.71662
 1.0 13.96777
 1.0 15.16779
 1.0 16.42118
 1.0 16.72364
 1.0 15.64201
 1.0 16.15254
 1.0 17.51283
 1.0 17.44508
 1.0 18.87677
 1.0 18.97817
 1.0 18.54439
 1.0 17.0852
 1.0 16.78793
 1.0 17.08435
 1.0 16.21974
 1.0 16.71309
 1.0 16.02308
 1.0 16.70909
 1.0 16.21149
 1.0 17.07262
 1.0 16.95864
 1.0 17.43428
 1.0 16.5916
 1.0 15.14974
 1.0 14.38918
 1.0 14.52352
 1.0 13.94976
 1.0 14.30687
 2.0 13.7267
 2.0 14.30805
 1.0 13.95216
 1.0 12.4536
 1.0 12.04187
 1.0 10.38204
 1.0 8.97943
 1.0 9.10939
 1.0 9.64853
 1.0 8.76334
 1.0 7.47416
 1.0 4.5783
 1.0 3.52729
 1.0 2.92635
 1.0 2.48247
 1.0 3.83167
 4.0 5.56594
 1.0 1.52599
 1.0 0.00385
 1.0 1.52782
 1.0 12.84302
 1.0 12.56739
 1.0 13.88796
 1.0 13.96735
 1.0 15.36977
 1.0 15.64538
 1.0 14.74879
 1.0 13.28159
 1.0 12.95816
 1.0 13.28069
 1.0 14.74798
 1.0 15.64461
 1.0 17.09056
 1.0 18.04287
 1.0 17.80493
 1.0 16.42132
 1.0 13.96794
 2.0 13.8877
 1.0 12.56689
 1.0 12.47369
 1.0 13.88534
 2.0 15.04049
 1.0 16.35129
 1.0 16.60828
 1.0 15.56845
 1.0 16.03289
 1.0 17.44716
 1.0 17.51264
 1.0 18.98024
 1.0 19.20275
 1.0 18.81538
 1.0 17.33399
 1.0 17.08646
 1.0 17.51128
 1.0 16.71508
 1.0 17.32913
 1.0 16.71092
 1.0 17.50334
 1.0 17.07424
 1.0 18.02356
 1.0 17.95883
 1.0 18.36651
 1.0 17.43555
 1.0 16.02112
 1.0 15.15101
 1.0 15.22803
 1.0 14.7347
 1.0 15.02193
 1.0 14.30862
 1.0 14.81521
 2.0 14.30998
 1.0 12.79256
 1.0 12.4547
 1.0 10.96361
 1.0 9.10908
 1.0 8.63041
 1.0 7.21042
 1.0 6.59157
 1.0 2.49363
 1.0 3.83094
 1.0 4.97497
 2.0 5.56444
 2.0 6.28524
 1.0 2.91969
 1.0 2.4925
 1.0 2.9216
 2.0 4.57467
 1.0 3.83746
 1.0 14.19393
 1.0 13.88915
 1.0 15.24801
 1.0 16.79441
 1.0 17.09256
 1.0 16.22787
 1.0 14.74992
 1.0 14.40568
 1.0 14.74892
 1.0 16.22696
 1.0 17.09169
 1.0 18.55038
 1.0 19.47139
 1.0 19.21082
 1.0 17.8057
 2.0 16.79523
 1.0 15.3712
 2.0 15.24777
 1.0 13.88869
 1.0 13.74817
 1.0 13.88634
 1.0 15.24563
 1.0 16.35231
 1.0 17.69757
 1.0 17.97842
 1.0 16.97659
 1.0 17.44796
 1.0 18.87958
 1.0 18.98082
 1.0 20.45693
 1.0 20.70087
 1.0 20.30379
 1.0 18.81582
 1.0 18.54615
 1.0 18.97898
 1.0 18.20412
 1.0 18.81061
 1.0 18.19984
 1.0 18.97077
 1.0 18.53355
 1.0 19.45136
 1.0 19.35126
 1.0 19.7697
 1.0 18.86707
 1.0 17.43523
 1.0 16.59276
 1.0 16.70972
 1.0 16.21334
 1.0 16.52194
 1.0 15.82747
 1.0 16.33456
 1.0 15.82905
 1.0 13.95315
 1.0 12.45448
 1.0 10.38444
 1.0 10.86098
 1.0 10.08252
 1.0 8.02556
 1.0 5.77709
 1.0 3.84108
 1.0 3.83239
 1.0 4.97386
 1.0 6.28258
 2.0 6.58486
 1.0 6.75896
 1.0 6.7606
 1.0 4.57224
 1.0 2.92065
 2.0 3.52258
 1.0 15.27466
 1.0 15.04346
 1.0 16.35369
 1.0 16.42032
 1.0 17.80369
 1.0 18.04231
 1.0 17.08965
 1.0 15.64397
 1.0 15.37051
 1.0 15.64267
 1.0 17.08846
 1.0 18.04118
 1.0 19.46827
 1.0 20.4619
 1.0 20.25268
 1.0 18.88422
 2.0 17.80431
 1.0 16.42082
 1.0 16.35296
 2.0 15.04248
 1.0 14.96508
 1.0 16.35113
 1.0 17.521
 1.0 18.8238
 1.0 19.04731
 1.0 17.97564
 1.0 18.37921
 1.0 19.78248
 1.0 19.83983
 1.0 21.29266
 1.0 21.49085
 1.0 21.14544
 1.0 19.68189
 1.0 19.46424
 1.0 19.83779
 1.0 18.97548
 1.0 19.51812
 1.0 18.80678
 1.0 19.51385
 1.0 18.96669
 1.0 19.82518
 1.0 19.76634
 1.0 20.29127
 1.0 19.45292
 1.0 18.02478
 2.0 17.25632
 1.0 17.32382
 1.0 16.70674
 1.0 16.96044
 2.0 16.33235
 1.0 16.77779
 1.0 16.33372
 1.0 14.81428
 1.0 12.79061
 1.0 12.45381
 1.0 10.96285
 1.0 10.85765
 1.0 11.51825
 1.0 10.85918
 1.0 9.44598
 1.0 8.9825
 1.0 7.6287
 1.0 6.59158
 1.0 5.21226
 1.0 4.31585
 1.0 4.30813
 1.0 5.20162
 1.0 6.58317
 1.0 6.75814
 1.0 6.58318
 1.0 7.20274
 1.0 4.30879
 1.0 2.48694
 1.0 5.56843
 1.0 6.76389
 1.0 5.77375
 1.0 4.3133
 1.0 15.04348
 1.0 16.23398
 1.0 16.34873
 1.0 17.69395
 1.0 17.80371
 1.0 16.79147
 1.0 15.36836
 1.0 15.24344
 1.0 15.56769
 1.0 16.97393
 1.0 17.9759
 1.0 19.36754
 1.0 20.4041
 1.0 20.15587
 1.0 18.82186
 1.0 17.69442
 1.0 16.34941
 1.0 16.42365
 1.0 15.17083
 2.0 15.04266
 1.0 14.96286
 1.0 16.23191
 1.0 17.45424
 1.0 18.72019
 1.0 18.8216
 1.0 17.69272
 1.0 17.97349
 1.0 19.36602
 1.0 19.46459
 1.0 20.9063
 1.0 21.14493
 1.0 20.90546
 1.0 19.46369
 1.0 19.36421
 1.0 19.779
 1.0 18.873
 1.0 19.45851
 1.0 18.70353
 1.0 19.45437
 1.0 18.86446
 1.0 19.76678
 1.0 19.82558
 1.0 20.38688
 1.0 19.51268
 1.0 18.13219
 1.0 17.32349
 1.0 16.59043
 1.0 16.70707
 1.0 16.02045
 1.0 15.8266
 1.0 14.30765
 1.0 11.78108
 1.0 10.26819
 1.0 10.85841
 1.0 10.38336
 1.0 8.98157
 1.0 8.76268
 1.0 7.47302
 1.0 6.28874
 1.0 4.98164
 2.0 3.83744
 1.0 4.31006
 1.0 4.56919
 1.0 5.56193
 1.0 6.75771
 1.0 6.58359
 1.0 6.28214
 1.0 6.58401
 1.0 5.76845
 1.0 4.30749
 2.0 5.57042
 1.0 7.4712
 1.0 7.20582
 1.0 6.58866
 1.0 5.2091
 1.0 4.31136
 1.0 15.07025
 1.0 15.0436
 1.0 16.35433
 1.0 16.60905
 1.0 17.97837
 1.0 18.04352
 1.0 17.09075
 1.0 15.64483
 1.0 15.57197
 1.0 16.0354
 1.0 17.44867
 1.0 18.38289
 1.0 19.78535
 1.0 20.76395
 1.0 20.40627
 1.0 19.049
 1.0 17.97898
 1.0 16.61022
 1.0 16.72984
 1.0 15.45154
 1.0 15.17301
 1.0 16.35313
 1.0 17.52287
 1.0 18.82569
 1.0 18.88555
 1.0 18.04046
 1.0 19.46831
 1.0 19.68502
 1.0 21.14862
 1.0 21.49316
 1.0 21.2939
 1.0 19.84089
 1.0 19.78237
 1.0 20.30359
 1.0 19.46179
 1.0 20.14602
 1.0 19.45751
 1.0 20.29538
 1.0 19.76972
 1.0 20.74504
 1.0 20.83816
 1.0 21.3366
 1.0 20.38904
 1.0 19.03114
 1.0 18.13433
 1.0 18.02754
 1.0 17.43586
 1.0 17.50299
 1.0 16.71005
 1.0 16.96403
 1.0 16.33574
 1.0 14.31056
 1.0 12.7932
 2.0 12.20432
 1.0 10.67832
 1.0 10.27196
 1.0 10.96763
 1.0 10.57082
 1.0 9.1121
 1.0 8.98279
 1.0 7.62795
 1.0 6.59072
 1.0 5.20958
 1.0 5.20641
 1.0 5.56292
 1.0 6.7573
 1.0 7.87105
 1.0 7.62143
 1.0 7.46747
 1.0 7.62253
 1.0 6.58569
 1.0 5.20535
 2.0 4.57466
 1.0 7.46934
 1.0 5.56894
 1.0 13.97392
 1.0 13.8893
 1.0 15.2487
 1.0 15.57176
 1.0 16.97931
 1.0 17.09382
 1.0 16.22903
 1.0 14.75082
 1.0 14.62025
 1.0 15.16444
 1.0 16.60554
 1.0 17.45167
 1.0 18.88258
 1.0 19.78827
 1.0 19.37253
 1.0 17.9802
 1.0 16.98012
 1.0 15.57319
 1.0 15.65093
 1.0 14.33033
 1.0 13.97403
 1.0 13.88849
 1.0 16.3543
 1.0 17.69957
 1.0 17.80711
 1.0 17.09108
 1.0 18.55042
 1.0 18.81909
 1.0 20.30709
 1.0 20.70326
 1.0 20.45822
 1.0 18.98192
 1.0 18.87946
 1.0 19.46491
 1.0 18.71004
 1.0 19.46077
 1.0 18.87091
 1.0 19.77307
 1.0 19.35384
 1.0 20.38728
 1.0 20.44389
 1.0 20.84027
 1.0 19.83002
 1.0 18.47282
 1.0 17.50329
 1.0 17.4376
 1.0 16.96302
 1.0 17.07794
 1.0 16.21658
 1.0 16.52563
 1.0 15.83114
 1.0 14.31209
 1.0 13.95571
 1.0 11.78601
 1.0 10.27303
 1.0 9.77098
 1.0 10.27573
 1.0 9.77154
 1.0 8.26531
 1.0 8.02588
 2.0 6.59197
 1.0 5.7761
 1.0 4.31389
 1.0 5.20213
 1.0 6.58231
 1.0 7.62033
 1.0 7.46746
 1.0 7.62216
 1.0 7.87387
 1.0 6.7614
 2.0 5.56691
 1.0 5.20747
 1.0 5.21014
 1.0 12.59945
 1.0 12.56756
 1.0 13.88871
 1.0 14.18855
 1.0 15.5716
 1.0 15.64676
 1.0 14.75007
 1.0 13.28259
 1.0 13.19628
 1.0 13.74068
 1.0 15.16353
 1.0 16.03711
 1.0 17.45057
 1.0 18.38439
 1.0 17.97928
 1.0 16.61038
 1.0 15.57231
 1.0 14.18991
 1.0 14.32918
 1.0 13.05333
 1.0 12.72219
 1.0 12.56667
 1.0 16.35347
 1.0 15.64377
 1.0 17.09043
 1.0 17.33722
 1.0 18.81865
 1.0 19.20533
 1.0 18.98193
 1.0 17.51415
 1.0 17.44768
 1.0 18.0368
 1.0 17.2647
 1.0 18.03279
 1.0 17.43938
 1.0 18.36984
 1.0 17.9613
 1.0 19.02983
 1.0 19.13116
 1.0 19.51422
 1.0 18.47327
 1.0 17.14451
 1.0 16.14306
 1.0 16.02336
 1.0 15.55581
 1.0 15.63137
 1.0 14.73789
 1.0 15.02561
 1.0 14.31229
 1.0 12.79493
 1.0 12.45757
 1.0 10.96662
 1.0 10.2733
 1.0 8.76489
 1.0 8.26465
 1.0 8.76711
 1.0 8.26498
 1.0 6.76753
 1.0 5.21064
 1.0 4.31453
 1.0 2.91871
 1.0 4.30618
 1.0 5.76747
 1.0 6.58399
 1.0 6.28389
 1.0 6.5861
 1.0 6.76181
 1.0 3.83889
 1.0 4.98166
 1.0 5.56643
 1.0 5.20644
 1.0 4.31266
 1.0 12.56985
 1.0 12.47594
 1.0 13.74922
 1.0 13.88532
 1.0 15.2447
 1.0 15.37196
 1.0 14.40454
 1.0 12.95818
 1.0 12.80935
 1.0 13.19418
 1.0 14.61703
 1.0 15.57124
 1.0 16.97769
 1.0 17.97929
 1.0 17.69693
 1.0 16.35178
 1.0 15.24525
 1.0 13.88612
 1.0 13.97286
 1.0 12.72221
 1.0 12.56887
 1.0 12.4737
 1.0 13.74718
 1.0 14.96509
 1.0 16.23431
 1.0 15.24346
 1.0 15.56882
 1.0 16.97611
 1.0 17.0888
 1.0 18.54816
 1.0 18.81702
 1.0 18.54737
 1.0 17.08794
 1.0 16.97438
 1.0 17.4464
 1.0 16.60033
 1.0 17.26341
 1.0 16.59597
 1.0 17.43811
 1.0 16.96159
 1.0 17.96007
 1.0 18.02462
 1.0 18.47283
 1.0 17.50314
 1.0 16.14273
 1.0 15.22857
 1.0 15.15247
 1.0 14.73657
 1.0 13.95312
 1.0 11.78413
 1.0 10.27115
 1.0 9.76872
 1.0 8.2623
 1.0 8.02521
 1.0 8.63233
 1.0 8.02624
 1.0 6.59325
 1.0 6.29138
 1.0 4.98386
 1.0 3.84032
 1.0 2.49248
 1.0 2.91302
 1.0 5.2048
 1.0 5.56591
 1.0 4.57222
 1.0 2.91777
 1.0 3.83963
 1.0 5.56794
 1.0 5.2075
 1.0 4.98057
 1.0 3.83821
