2 [27.675585810340248, 3.520138210200811, 2.664315905482392]
4 [2.5653700623247406, 23.882042096496193, 14.858307109080231]
5 [19.7303723983231, 18.770465254424614, 26.459191254910973]
6 [20.215612217728978, 6.9643423490154355, 8.680147590558041]
7 [10.602710507873011, 15.024071726858553, 15.216276210874305]
8 [6.8105126910731, 13.591988561198821, 17.95491654007644]
9 [27.128719569444385, 7.16080880412551, 4.539206695582812]
10 [5.950999232823842, 23.72863101657106, 13.737047098984565]
11 [21.831448610157437, 9.05532290712954, 9.541735399463859]
16 [26.761747551103763, 3.8518576161294287, 3.217277782105124]
17 [9.804405565921051, 15.33092917477347, 15.977967376749978]
21 [8.499435564559251, 15.510668609204751, 21.91944869416757]
22 [27.054570247644683, 2.5388231991866674, 9.36241477272257]
23 [13.607691247719709, 0.12920557949811762, 15.729351412434266]
27 [11.007401878078852, 2.187934588792799, 11.823703028426129]
30 [21.914289557658815, 11.048854307560775, 8.464914882361997]
33 [11.17825402311982, 1.772479297122531, 16.022742328320728]
35 [24.191985160565846, 13.960346520729207, 7.173996513574093]
37 [28.321208840376734, 9.330175140228178, 3.014491445562168]
38 [17.362197977450634, 19.826476667682606, 28.485823218144887]
